300 2000 800
401 1193
1721 3184
1253 1409
137 3369
917 997
42357 69908
6929 25168
77482 44683
133 60783
15790 48384
84572 36488
34394 64687
25781 97972
5250 85336
94796 24238
17245 5866
72020 12668
58094 95880
35722 62741
91878 45180
96750 29712
69197 1373
32566 68973
25986 27766
36145 5823
49973 94509
27768 4685
30798 20928
23633 63183
65313 52041
81702 72289
74141 99789
70594 74181
13191 95556
86937 6476
88705 14026
87220 83733
28012 32175
30080 42218
4840 55213
60917 1689
14896 74459
62174 19464
93885 87052
35187 44461
96329 94195
89204 59593
41943 84277
20628 12410
41210 8168
70026 76022
48718 46809
63313 55301
14225 93551
39756 95159
45867 33901
57703 30983
46264 69978
67653 22094
35781 2409
14241 56490
94047 19971
56861 66940
17075 79145
4355 64100
97402 22832
66884 86150
11228 1551
47521 42064
95448 74008
15542 83159
37889 55676
58366 55822
96676 68103
68070 75643
90582 40638
64333 83606
11514 91316
3661 6170
70375 9377
93836 67784
30394 97491
96193 99963
17647 3822
72724 91734
29547 22949
5823 83628
10923 8437
88661 28579
97144 2967
77770 42736
28308 59423
72204 41934
59691 92083
84045 55927
3557 51315
86817 22999
36148 95815
54937 33377
82584 53729
42381 28262
33187 20495
85661 61260
35140 239
75004 4713
25433 94335
18442 35727
90915 93498
90696 71685
97274 55444
35057 94703
15433 61150
22160 1527
80371 30392
44904 19803
24684 35456
68448 13916
70914 57350
3573 21225
51670 21931
19848 67378
97039 72573
89979 20103
12911 44526
99887 27127
29010 36698
27535 23792
1677 90584
51876 32393
41357 46679
25400 32151
57787 67665
54445 70256
52259 55561
22509 98679
17939 49418
61382 72526
70781 62368
30203 7922
68574 5997
43546 12773
61388 16793
89027 4321
65149 21378
61462 10002
18675 37630
39148 39275
5518 91612
44764 12276
86733 93587
818 2771
17792 40428
68609 30763
91081 33019
96433 12846
59340 47081
97649 46571
25382 63974
21369 77064
10019 7747
7399 27965
35775 45605
43828 11539
21749 6540
25316 76038
51940 19965
75185 33598
71040 42913
22532 77155
49337 42489
76919 22532
79660 62698
72264 63141
59518 48771
63218 38073
77243 38515
54014 2163
63278 5637
79815 84231
30327 24674
9584 34820
53045 69254
56892 26160
8761 16256
91375 56650
3522 45085
13632 12721
70754 99121
86319 68300
86808 72421
86956 18036
41513 69371
68764 63069
16311 7556
14837 14921
58492 47051
74529 74757
15739 88130
32526 40823
85293 91267
3881 70665
24087 347
64564 33573
98365 45036
64445 4459
26790 48283
83034 5805
94247 12246
17946 42707
20712 76363
61881 94814
65418 35874
56555 41928
25295 63187
64671 46597
21387 20780
41789 21716
55579 47350
67777 98788
47166 34986
10029 68861
78894 68815
13960 15330
76198 24768
94683 142
74766 89319
22115 66094
24987 63087
47644 76082
20995 18144
60044 23994
58308 73547
29851 24803
29825 23671
25427 17407
33529 2916
54787 29721
79998 15293
61285 10394
35187 53823
23032 24197
42648 74995
33312 18532
16726 13721
20358 97213
6925 1908
93506 16239
58456 23503
65682 91634
18272 76481
5723 68979
11412 16678
81538 99991
53906 56789
67558 60608
63862 35864
71072 40025
24115 96191
57273 46589
35006 81227
64747 81955
99379 5274
13269 64526
32495 35440
74436 50306
3343 87067
27859 75228
84836 49860
90627 78592
56139 81647
5454 76570
35111 39188
4445 21889
78947 23735
62135 98840
94112 11838
93573 91435
44136 90653
29985 4469
11989 4620
37838 49965
56692 15109
79085 72034
47535 87084
21739 74092
43480 32231
14387 76026
82204 32201
22013 61650
14677 55901
71499 1200
59037 72409
28310 66438
56095 914
5957 79750
6961 93464
81315 27141
30967 57431
66805 97991
80265 42852
