10
3
1 3
1 2
5
3 2
5 3
3 4
1 3
1000
936 310
856 102
486 890
955 240
770 915
24 402
268 162
88 747
606 511
566 509
232 193
293 955
302 440
45 592
400 857
586 242
565 634
398 341
298 725
317 560
35 399
991 706
228 772
865 945
523 537
646 510
486 353
414 654
171 6
337 408
479 250
438 359
60 552
912 806
271 889
972 16
205 579
483 748
834 73
988 930
30 954
557 461
921 805
899 415
410 409
48 890
939 708
149 563
933 71
931 662
303 914
639 374
151 112
667 77
902 301
939 162
784 404
366 882
56 756
428 684
410 724
13 242
330 812
802 434
896 288
771 730
864 2
79 639
691 65
905 741
1 142
66 862
736 68
126 980
864 480
558 195
714 306
298 315
900 718
244 694
636 443
21 509
694 179
837 271
297 217
426 7
986 258
545 656
645 655
28 550
644 113
163 508
928 762
880 214
549 532
842 115
652 191
962 363
990 287
615 735
320 656
123 121
845 746
916 980
98 816
608 923
453 29
204 851
780 192
514 740
786 231
401 668
650 57
945 725
178 729
851 307
511 43
906 962
421 283
689 304
369 633
815 274
819 320
956 829
470 527
478 127
534 550
454 768
49 568
679 487
896 490
325 982
898 505
606 954
459 189
215 417
867 312
794 742
389 188
598 205
505 720
913 285
519 269
485 303
770 61
200 138
830 958
694 866
381 768
796 366
797 591
752 375
198 236
780 368
594 9
429 391
408 556
351 272
525 754
620 16
345 703
911 582
396 818
515 167
639 208
90 190
830 352
940 336
903 239
295 339
357 460
315 994
328 220
773 762
804 377
155 252
712 252
877 251
573 704
613 54
975 197
25 848
53 843
922 654
87 41
791 296
163 267
462 174
538 467
596 808
406 5
448 29
532 732
12 825
933 619
755 869
600 548
832 413
573 577
609 970
492 70
676 528
207 992
132 709
537 826
681 692
197 602
854 959
150 237
892 381
39 362
449 703
376 291
695 720
311 710
472 168
990 629
435 545
391 966
894 467
535 184
902 485
281 888
218 89
480 821
973 711
560 46
841 962
768 354
775 834
132 299
42 897
802 863
861 698
800 624
728 7
146 371
423 427
357 487
363 328
742 227
151 276
937 846
259 1
43 811
561 395
890 930
866 741
757 360
699 158
590 709
37 311
350 410
385 786
326 976
198 546
236 186
601 144
302 211
653 534
60 571
672 80
112 531
994 792
758 937
375 403
623 304
256 734
425 82
553 788
945 411
817 356
22 136
274 151
964 858
659 169
154 261
247 776
808 338
871 563
862 705
228 466
515 380
884 246
231 654
747 8
713 813
975 575
579 34
948 447
188 644
40 346
662 767
394 89
274 229
517 701
867 185
33 270
469 143
361 902
551 139
583 245
244 255
793 975
986 918
102 810
905 180
795 248
122 661
18 110
160 632
309 765
593 131
687 744
672 714
332 341
744 761
562 904
579 3
97 275
687 165
464 479
22 883
790 743
859 303
222 12
115 497
10 176
745 544
223 721
517 355
422 731
333 327
541 720
524 847
787 431
788 439
683 239
203 248
140 160
344 932
403 230
762 343
161 881
606 357
171 318
590 63
903 240
911 427
928 489
134 496
551 511
19 416
50 481
866 402
202 158
580 4
822 245
417 929
759 930
234 970
682 498
737 538
11 528
251 104
961 412
532 77
172 312
246 951
697 306
781 481
292 880
825 219
853 86
359 801
234 220
861 419
774 38
478 330
484 83
431 390
421 36
197 148
838 880
714 617
125 998
793 164
741 954
463 603
39 346
144 27
964 703
180 935
712 152
652 989
135 811
712 170
58 154
548 806
933 165
178 55
271 661
747 614
807 537
984 873
934 673
450 105
495 887
277 636
500 428
110 101
8 393
254 395
76 312
912 307
84 616
776 993
783 262
215 666
941 24
978 207
908 816
702 133
116 133
91 967
907 159
285 792
944 107
953 154
486 608
766 698
331 891
40 555
830 424
754 235
238 116
692 778
240 296
551 673
372 293
817 314
129 757
955 498
358 535
185 719
947 2
228 850
49 661
230 800
959 914
443 54
900 304
923 241
950 433
600 737
335 900
179 763
605 754
95 677
432 623
237 536
668 319
415 370
417 482
974 26
114 994
281 436
923 64
913 600
117 906
865 895
996 139
691 938
979 524
1000 641
658 272
730 178
891 254
935 365
465 598
567 451
534 472
905 554
622 193
385 455
7 474
653 444
80 150
761 453
15 367
671 120
434 482
857 459
98 973
55 397
757 305
492 981
839 447
576 713
145 697
592 819
321 646
897 20
963 851
489 808
751 427
597 134
265 909
707 169
651 760
91 518
874 186
43 447
85 449
259 563
785 48
715 507
707 816
908 897
210 953
48 405
686 185
908 986
995 163
278 831
635 797
268 758
522 731
861 108
367 472
917 936
917 932
863 879
680 617
604 181
572 54
40 983
243 139
597 470
730 558
614 52
745 114
554 60
564 156
870 305
611 614
740 196
706 464
886 182
684 220
477 860
887 319
39 257
384 199
520 336
675 865
232 89
158 353
278 575
386 964
464 474
491 689
338 985
183 459
574 509
840 717
702 118
974 562
853 559
664 673
336 340
396 771
937 279
523 693
631 691
329 244
174 466
249 734
932 424
482 737
665 53
32 1000
636 346
580 106
388 471
492 631
881 99
726 680
637 589
898 344
810 297
110 677
540 413
489 856
732 273
739 698
63 980
901 598
193 313
722 412
892 678
300 481
806 766
475 443
395 618
649 366
525 339
965 17
758 341
406 424
506 213
506 12
487 949
612 134
910 130
457 455
519 499
382 717
756 445
1000 238
926 750
446 29
663 595
567 297
852 885
784 460
270 638
942 943
469 347
513 207
935 153
834 857
463 175
753 729
88 289
893 517
736 844
503 176
15 224
333 305
234 845
262 913
192 875
74 293
330 539
348 24
460 748
418 59
917 770
904 745
130 111
14 470
665 637
588 132
536 167
420 565
212 376
957 112
485 87
17 453
650 868
716 373
959 827
328 783
131 814
322 793
832 569
463 701
493 594
160 466
393 540
788 219
898 374
302 63
814 510
253 715
406 971
502 276
374 652
92 690
725 214
952 475
545 621
711 488
127 525
176 231
298 549
281 142
780 524
187 841
515 316
75 748
241 276
266 421
168 230
216 9
594 565
542 252
498 458
493 241
146 91
59 800
771 690
173 887
122 319
72 138
320 205
96 596
402 998
504 250
265 630
528 452
894 848
479 80
371 700
872 190
121 512
978 870
98 590
628 756
929 311
194 852
510 16
147 732
984 494
982 203
156 685
984 894
107 501
323 222
198 882
696 653
863 280
22 909
831 233
876 333
428 119
109 925
799 627
742 684
646 468
275 306
425 78
969 637
765 93
157 974
434 665
581 998
179 782
657 38
217 693
268 45
550 669
727 869
784 570
286 804
388 820
469 167
170 437
277 102
8 350
508 544
152 452
156 62
677 138
290 15
165 765
878 275
233 715
203 761
668 349
702 711
116 254
642 210
616 141
585 506
522 19
450 36
217 95
530 680
432 896
829 707
106 144
926 978
845 578
925 422
926 383
441 368
687 232
270 462
914 663
47 480
371 387
740 882
375 324
717 307
83 777
520 363
59 733
824 159
819 122
960 88
30 593
107 910
508 799
584 848
95 381
378 891
130 364
643 817
326 769
647 53
608 152
833 799
133 400
859 237
9 44
519 142
432 921
272 562
265 764
864 791
697 430
828 411
538 345
734 233
593 393
56 540
259 852
692 522
62 573
723 17
467 212
168 195
656 721
781 549
413 412
546 548
906 670
616 462
210 533
36 693
580 23
547 743
502 391
803 939
250 631
442 169
222 526
263 170
760 674
392 369
318 650
688 624
596 209
623 45
781 461
587 735
929 369
128 339
921 94
121 504
574 388
106 345
315 744
977 376
114 296
867 791
86 604
645 441
277 870
326 219
546 127
823 411
999 671
749 450
523 776
62 536
949 836
30 792
488 810
150 813
55 334
597 582
455 226
1 672
2 835
415 212
928 190
242 706
186 946
294 949
982 648
431 504
829 100
804 999
689 529
825 118
262 592
560 236
859 389
199 554
903 433
356 766
475 124
64 813
118 582
159 441
56 743
264 19
729 308
408 367
502 245
137 604
991 206
225 35
493 909
278 783
400 607
626 832
248 660
599 671
49 738
869 215
422 862
910 451
607 246
379 666
353 477
701 451
567 174
786 131
188 855
731 856
544 953
69 624
477 924
927 811
350 735
83 607
814 574
221 739
461 779
760 505
338 407
35 520
892 260
881 385
433 849
115 709
886 543
166 663
912 146
342 171
853 610
177 679
809 81
997 809
831 318
521 739
452 797
640 87
576 285
987 925
389 251
789 645
356 809
886 802
679 31
456 77
991 798
282 449
936 51
920 199
373 67
943 162
396 201
373 911
575 999
368 558
617 990
488 713
64 195
535 403
478 359
38 214
904 86
103 666
970 476
968 239
474 662
625 690
943 284
344 973
721 473
736 238
192 516
425 180
841 919
999
732 417
375 805
550 754
517 668
953 565
939 809
32 412
29 64
799 923
973 807
267 572
82 772
534 313
596 591
608 707
856 568
227 98
952 16
898 41
685 401
205 457
246 453
466 550
357 57
533 172
513 310
410 633
167 464
603 306
31 626
391 850
862 692
82 500
777 630
523 774
292 168
382 868
601 909
510 5
180 332
344 288
959 687
690 198
59 414
527 823
464 431
515 548
580 927
237 33
373 255
870 70
99 75
742 445
341 663
168 320
865 409
558 512
349 175
263 376
914 500
564 476
980 385
324 727
602 925
720 337
706 446
224 294
926 883
123 906
979 34
673 387
404 194
71 644
876 606
743 470
405 113
933 439
272 675
310 192
901 836
439 900
359 730
380 299
643 774
680 790
713 73
760 147
538 144
839 419
927 73
741 407
187 448
929 65
421 483
960 179
440 621
895 135
556 907
701 940
71 251
525 92
957 756
217 709
214 775
784 114
831 380
688 284
776 104
563 493
226 243
82 737
130 869
662 581
691 21
700 858
968 401
307 781
289 745
658 921
908 749
705 93
460 640
282 258
123 209
560 241
934 487
916 53
638 808
992 854
650 577
444 741
567 824
473 477
693 957
903 558
145 884
63 56
551 264
784 295
839 437
492 250
821 619
102 243
472 360
730 175
759 126
966 257
905 819
465 895
316 484
233 829
645 12
749 668
982 843
260 487
670 177
826 332
88 617
975 574
113 501
109 637
692 662
820 308
225 985
859 661
751 78
839 967
810 191
474 582
616 305
209 969
269 24
53 378
739 680
472 763
748 600
518 377
701 45
290 618
747 977
171 183
767 776
482 116
652 562
126 386
875 225
29 909
50 526
485 585
795 981
796 166
346 33
13 703
568 740
435 802
395 179
835 32
824 448
218 916
238 692
439 974
904 985
932 718
216 377
550 892
253 664
236 51
826 921
307 279
11 318
536 340
955 33
538 186
687 809
705 593
485 405
831 290
64 953
765 813
640 652
423 204
893 36
787 251
176 826
290 77
437 655
672 110
4 59
473 663
715 663
714 55
342 224
480 223
933 825
540 380
765 883
979 675
970 236
238 374
964 724
982 563
606 524
925 446
128 541
761 285
991 459
977 630
97 794
896 155
983 298
694 161
883 634
427 855
364 672
878 278
621 145
620 282
654 114
133 274
837 761
117 710
283 162
422 711
230 318
436 178
651 665
861 170
764 217
184 636
372 637
750 820
801 699
960 425
545 951
742 549
972 970
778 206
804 81
885 132
894 314
673 870
177 660
851 326
505 895
796 381
184 563
719 669
887 255
158 945
913 231
5 750
388 711
21 773
489 282
486 420
962 306
540 614
58 856
859 409
852 588
207 369
731 20
442 19
442 769
62 708
124 110
440 424
465 172
993 566
564 637
905 213
684 841
466 368
483 283
161 203
627 219
842 524
544 686
304 47
428 603
200 173
89 934
933 755
924 791
134 121
808 647
248 271
816 866
57 514
358 621
893 546
222 916
632 649
609 343
993 402
724 62
287 397
866 482
487 789
944 370
422 80
169 857
760 846
305 24
955 502
527 70
497 455
738 512
152 249
989 29
273 770
87 756
623 586
592 4
366 699
383 950
461 160
67 983
215 14
497 583
461 847
185 481
724 501
864 180
71 498
1 315
694 319
683 481
237 725
401 118
729 27
90 379
279 843
94 923
94 95
481 709
172 443
951 665
281 325
371 102
514 817
129 766
843 882
297 64
524 561
911 223
957 929
453 390
455 853
125 287
513 796
700 506
191 528
899 874
370 532
448 907
526 677
787 381
511 492
265 910
500 406
468 394
281 205
393 530
644 836
126 971
406 300
209 617
489 845
997 256
378 345
522 210
952 471
84 822
77 431
665 714
412 749
560 619
303 164
152 701
46 36
361 376
709 990
298 746
427 975
482 608
336 705
960 554
101 688
101 382
34 508
849 635
791 413
107 351
976 540
159 729
454 998
530 179
203 733
382 356
765 987
411 101
887 315
62 150
870 415
761 530
534 154
23 510
592 141
966 215
684 507
322 654
934 598
898 927
541 40
806 77
469 981
200 391
954 662
75 774
226 629
570 610
950 907
946 462
720 366
229 381
403 30
722 225
107 408
533 547
412 941
958 842
112 140
15 936
745 910
263 402
234 657
244 857
650 869
38 590
894 818
429 32
233 400
912 324
201 766
920 366
472 922
531 538
294 331
695 923
203 557
702 640
547 100
118 459
606 201
321 185
243 873
46 722
70 108
994 314
114 828
105 921
988 461
57 837
650 35
83 604
847 165
897 474
220 780
220 423
226 949
872 201
20 385
529 877
885 874
943 903
700 224
714 417
420 480
158 776
36 625
370 117
554 384
604 249
613 822
860 180
3 454
490 558
200 588
890 327
193 936
778 775
647 674
410 986
150 827
102 591
527 239
573 622
409 622
575 715
576 423
903 158
889 794
735 997
231 422
193 626
820 168
844 465
436 260
834 469
587 571
28 261
748 76
350 748
595 360
399 98
838 653
303 262
139 698
963 976
164 930
9 486
298 681
838 196
835 543
91 234
847 37
666 949
569 589
510 345
279 146
281 794
954 235
390 98
125 327
758 979
230 484
338 891
667 660
611 879
611 495
39 263
986 60
196 590
691 793
234 40
75 833
805 205
549 878
195 497
292 317
131 634
167 79
34 582
644 426
329 336
846 451
537 202
37 552
631 5
305 889
466 668
410 842
861 292
613 521
181 718
562 212
403 238
419 61
555 152
864 389
293 932
227 221
435 677
805 690
247 549
483 595
729 778
836 600
474 575
712 603
469 588
912 268
634 744
362 743
301 528
442 208
434 754
149 328
680 149
89 605
740 294
630 950
647 344
435 931
925 264
552 542
81 719
41 880
996 825
414 252
109 261
944 679
351 220
893 255
156 568
213 953
138 218
127 427
286 127
586 463
800 420
583 143
45 864
276 736
227 78
896 756
13 419
564 937
111 4
456 494
788 480
171 896
414 856
766 190
520 750
207 696
902 417
577 871
769 219
802 784
830 891
452 8
704 378
999 577
760 635
511 228
144 910
110 664
162 455
161 607
579 360
523 68
441 685
405 535
416 919
522 783
885 869
177 671
857 687
949 617
232 338
874 207
590 612
456 992
475 723
696 591
986 649
922 717
323 787
356 863
965 746
948 276
398 593
239 233
488 345
829 624
394 315
464 447
610 385
878 245
330 562
702 915
120 659
251 519
103 638
175 16
72 491
134 971
314 743
948 296
467 658
504 122
215 386
822 526
541 951
889 938
515 185
202 473
171 734
514 436
12 552
744 211
835 877
262 918
673 139
208 620
248 446
675 491
504 306
838 353
742 832
632 6
884 664
793 150
115 667
997 919
917 59
999 782
392 841
454 163
310 833
528 807
348 971
595 96
775 413
861 851
174 37
506 311
730 164
900 935
254 504
557 608
458 193
824 217
117 685
181 106
17 772
655 22
977 512
589 142
355 653
276 619
259 351
40 559
676 210
833 396
615 819
659 202
888 402
390 785
641 905
670 459
587 485
239 942
153 712
592 682
771 413
122 779
191 754
894 452
646 612
574 553
182 332
515 518
261 41
992 344
119 213
260 697
354 129
600 312
516 884
133 139
547 604
801 352
2 53
230 363
536 491
122 744
506 929
610 112
623 223
184 379
786 915
840 928
525 642
955 723
726 531
684 954
594 670
846 720
988 638
431 43
52 677
338 149
49 350
81 576
267 753
334 86
658 350
900 976
848 620
769 48
799 915
975 728
199 376
453 746
104 912
386 639
444 394
919 632
304 653
699 539
659 440
518 678
287 313
722 721
262 983
937 189
932 937
732 716
583 334
922 686
343 452
437 242
133 909
799 188
334 361
162 280
978 952
718 270
584 831
576 961
432 505
129 745
486 536
144 450
218 267
623 797
523 978
501 814
137 998
522 694
825 936
406 73
757 689
611 362
768 145
593 21
689 622
723 318
840 688
702 339
335 740
660 85
66 283
304 672
719 377
327 791
656 125
966 999
886 793
484 612
456 379
362 449
809 690
123 984
511 91
533 10
628 898
574 134
879 711
505 985
78 489
89 648
753 560
829 732
499 513
586 891
509 256
249 430
881 303
648 54
877 851
654 554
44 245
970 63
993 998
94 599
275 982
343 626
367 208
159 291
42 3
587 948
438 313
837 157
803 734
91 762
995 46
866 772
752 715
112 819
613 403
981 333
74 691
944 635
219 248
987 26
20 12
13 734
277 832
141 264
811 118
333 667
136 444
987 256
302 906
808 597
237 648
739 792
462 840
63 832
231 273
978 503
956 887
492 24
642 181
696 266
391 244
196 433
496 988
109 151
127 107
575 812
148 802
582 478
336 739
104 947
3 599
879 25
655 689
194 273
712 801
807 859
418 16
686 534
240 652
245 569
324 531
244 7
236 159
589 194
798 141
569 365
347 599
557 18
197 45
525 841
815 649
906 356
578 333
753 479
867 642
167 210
307 741
361 309
69 113
37
19 4
14 30
2 20
19 29
5 13
24 14
27 17
33 31
36 16
22 19
4 35
36 30
4 32
29 28
9 26
34 6
21 1
11 21
15 10
18 9
27 5
23 14
14 12
8 22
29 21
27 37
29 9
15 37
26 37
25 11
22 31
30 37
1 6
7 3
15 3
2 34
4
2 4
1 3
4 3
100
29 51
72 29
29 86
3 29
29 83
75 29
29 31
92 29
29 60
46 29
29 71
41 29
29 13
11 29
29 90
99 29
29 65
58 29
29 5
8 29
29 91
7 29
29 36
45 29
29 79
82 29
29 84
32 29
29 100
24 29
29 76
20 29
29 43
30 29
29 47
85 29
29 55
35 29
29 6
67 29
29 21
87 29
29 70
62 29
29 17
9 29
29 27
14 29
29 53
12 29
29 57
50 29
29 4
44 29
29 38
19 29
29 77
97 29
29 59
40 29
29 1
18 29
29 94
25 29
29 48
89 29
29 52
16 29
29 2
26 29
29 15
37 29
29 80
56 29
29 34
93 29
29 69
68 29
29 78
64 29
29 81
61 29
29 63
22 29
29 28
73 29
29 54
88 29
29 98
96 29
29 42
23 29
29 10
95 29
29 74
66 29
29 39
49 29
29 33
999
924 151
211 567
924 988
967 924
757 238
962 483
924 578
24 134
924 60
126 924
924 627
66 507
924 290
793 924
907 650
515 458
255 458
915 641
924 481
521 898
889 985
927 924
948 149
416 174
924 329
433 610
392 507
69 658
924 902
48 17
924 635
501 790
924 617
609 944
473 602
44 634
691 495
600 689
97 606
548 924
396 700
82 893
475 689
409 924
924 739
19 924
924 490
355 924
48 864
110 599
924 676
583 924
924 148
100 456
351 731
23 266
25 842
265 860
44 426
276 173
924 407
493 777
821 594
943 924
672 65
674 924
924 307
299 602
446 157
668 96
924 742
599 703
924 868
219 178
924 189
820 806
82 118
517 421
513 29
95 924
924 579
968 924
404 165
209 997
937 473
996 10
924 514
351 152
542 421
396 862
924 741
782 924
924 26
848 839
221 672
390 362
521 53
623 590
423 106
732 637
924 103
114 924
320 561
71 979
231 353
137 340
924 333
419 924
924 903
946 343
924 442
222 163
924 573
772 924
924 770
796 43
668 874
964 557
924 70
79 998
924 213
360 924
186 358
212 924
924 910
994 549
924 275
614 924
629 40
175 105
924 302
450 924
894 679
429 62
265 380
2 924
835 186
470 924
439 993
36 924
713 482
719 924
924 313
432 924
924 382
756 924
924 527
321 800
924 764
688 924
538 845
802 443
924 508
718 482
924 187
371 924
766 703
970 924
924 812
591 924
802 592
434 147
680 857
697 31
924 533
786 298
924 357
938 924
492 230
178 639
561 298
124 924
924 882
47 924
924 402
684 853
564 423
284 924
675 115
93 924
718 435
282 924
924 469
725 924
580 283
735 203
734 736
613 924
924 626
669 924
28 587
963 924
194 28
643 474
539 326
601 924
924 957
838 924
924 466
241 962
924 306
935 924
924 34
633 924
380 801
86 520
924 972
304 350
11 790
244 924
924 425
438 866
144 986
377 636
924 525
403 625
924 179
262 924
786 35
398 924
16 231
417 924
924 5
950 912
318 649
286 921
115 439
296 924
924 49
443 316
924 305
385 924
324 63
72 512
924 784
224 924
924 6
119 924
682 610
704 563
914 574
78 216
38 147
702 924
986 462
534 924
824 158
285 924
441 64
581 420
530 907
478 924
884 829
375 219
652 174
121 238
308 547
94 137
924 607
217 924
924 814
767 735
946 404
539 950
209 683
167 765
679 336
295 924
924 503
133 924
875 25
728 924
924 869
754 924
924 220
168 924
924 572
393 412
924 472
941 924
924 980
699 924
723 904
940 131
768 249
906 924
452 487
797 924
924 752
399 594
401 720
636 480
924 854
17 61
924 239
891 924
924 586
887 924
485 334
878 924
924 406
865 434
924 367
630 141
924 502
153 924
56 625
314 872
924 983
660 78
352 969
80 416
924 936
836 924
924 21
667 924
192 83
401 515
924 598
221 870
924 391
369 924
708 916
374 518
623 921
687 924
924 665
917 433
536 888
932 924
888 875
620 850
222 16
937 879
924 758
428 707
169 62
301 924
463 777
319 543
190 775
253 560
57 721
424 924
924 589
976 924
9 559
475 451
855 543
879 170
181 662
779 924
681 155
289 701
924 646
824 438
63 944
788 46
83 624
370 924
624 549
410 924
924 761
753 924
37 817
109 576
924 246
835 375
783 97
955 924
373 867
774 924
924 895
954 445
924 984
999 924
924 612
769 671
847 644
9 270
223 270
830 924
289 46
616 924
788 576
499 924
834 280
196 924
644 855
632 924
657 530
707 241
924 479
912 666
924 361
123 826
924 750
309 924
319 641
844 924
283 272
101 377
924 51
251 924
8 454
716 924
368 125
682 516
789 318
889 683
656 488
225 924
145 223
162 924
448 818
856 828
924 990
640 630
924 605
494 924
924 339
749 809
535 973
7 924
428 236
567 780
985 681
104 693
924 794
826 554
924 858
959 924
964 255
207 762
924 315
781 924
684 480
227 924
924 108
348 924
924 778
41 924
865 898
474 867
924 730
120 86
54 11
776 820
924 724
871 924
696 368
383 924
924 447
413 924
924 210
203 374
924 841
471 924
89 234
240 106
72 452
566 924
924 897
347 924
924 546
590 211
924 366
971 924
498 192
330 460
326 839
73 924
924 143
837 801
924 237
15 924
234 254
181 848
924 659
55 924
924 140
809 120
924 901
199 924
924 264
536 815
930 554
263 924
118 362
588 924
890 637
806 881
924 537
542 358
592 828
394 334
743 647
982 924
638 850
966 924
924 113
500 653
321 666
693 484
861 173
608 924
924 540
555 748
924 258
520 346
924 325
171 327
924 615
979 856
363 414
43 426
39 558
909 924
924 59
453 924
924 52
639 79
924 892
340 919
129 538
87 924
109 38
489 924
823 316
128 349
429 890
373 40
924 585
105 837
996 696
412 558
924 449
387 843
924 376
622 924
81 884
638 71
359 723
563 331
924 311
843 393
924 85
27 924
924 663
783 559
924 172
32 924
69 437
805 924
876 948
8 500
365 658
524 924
924 156
870 510
924 803
98 924
924 332
345 924
924 714
496 924
924 711
92 130
379 102
934 924
299 997
569 924
924 832
661 924
817 54
960 670
149 629
346 312
924 268
281 924
924 958
135 924
924 226
259 924
924 136
446 338
924 808
690 924
488 486
908 924
924 509
57 364
924 686
833 924
924 257
989 924
924 461
467 924
924 386
900 924
924 953
116 924
207 893
926 924
732 12
271 65
66 364
349 916
924 621
431 924
924 551
10 240
924 840
33 924
924 427
535 110
924 596
260 924
924 67
977 924
924 939
709 924
205 571
22 924
924 577
84 924
924 248
99 924
924 476
250 92
924 50
851 924
455 145
20 924
924 477
713 796
924 204
352 35
924 949
381 924
973 190
804 924
877 61
562 924
924 532
744 924
924 942
727 924
924 77
122 924
924 111
75 924
940 914
202 924
414 81
445 555
197 208
144 399
293 694
107 924
924 698
395 857
924 146
657 874
924 277
337 924
924 619
701 759
80 751
256 570
864 992
465 276
132 512
648 924
885 39
365 208
465 862
771 924
497 359
184 981
924 952
905 924
710 584
291 924
924 740
872 233
571 312
292 924
924 356
670 166
924 529
261 924
712 448
88 924
829 759
570 336
157 89
961 896
924 193
235 924
776 765
198 995
495 787
924 961
945 876
819 924
924 523
550 924
924 628
722 924
924 511
56 454
924 933
553 924
924 541
593 924
925 491
76 924
769 712
464 924
411 379
194 236
165 266
430 167
232 492
350 287
969 557
692 924
924 706
987 924
924 214
152 965
924 729
745 250
924 673
738 924
924 436
671 609
491 705
45 917
395 411
556 924
924 191
685 12
390 96
748 403
230 998
317 924
322 166
762 171
924 568
233 128
547 117
852 123
721 834
242 924
924 1
327 183
271 664
595 664
924 415
604 184
924 159
183 42
611 885
485 155
787 652
763 924
924 813
791 924
924 773
195 924
176 899
846 924
924 737
74 924
247 708
400 924
64 180
928 924
587 513
766 198
700 455
505 924
924 506
247 177
662 68
695 924
924 341
322 68
924 397
757 493
437 510
451 45
924 746
582 418
924 4
677 924
924 880
142 924
924 733
827 924
94 896
287 387
818 930
785 924
286 483
531 924
924 816
408 643
280 800
497 647
924 886
388 924
924 522
519 924
731 877
611 736
994 861
789 175
924 863
185 924
924 956
177 288
924 603
799 924
924 726
631 924
924 883
170 899
924 303
138 924
462 853
129 852
487 163
58 924
501 216
232 650
117 293
269 272
924 13
680 310
924 807
112 924
924 951
653 978
924 911
188 924
256 324
526 23
344 459
139 924
795 821
544 924
924 229
420 604
924 127
873 924
924 372
651 924
29 131
205 243
924 798
206 924
100 197
288 767
924 297
457 924
720 925
675 526
121 130
201 125
924 378
780 915
102 320
743 960
924 245
528 924
924 831
468 924
582 31
90 749
924 440
384 924
685 418
913 924
924 30
252 924
924 14
328 924
269 734
354 924
200 518
516 435
486 141
323 924
924 811
444 924
924 654
279 924
924 792
243 600
920 182
498 254
517 823
634 24
924 678
929 924
924 278
947 924
330 920
866 101
104 881
691 993
924 91
363 3
574 176
717 924
924 150
218 924
924 918
894 697
924 342
274 924
704 768
273 924
924 849
335 924
822 919
338 842
924 422
200 954
745 795
645 924
430 392
945 845
924 575
565 924
924 504
922 924
201 931
965 158
924 405
760 924
640 132
859 924
90 847
580 584
694 978
18 924
182 860
308 705
924 228
564 249
164 560
755 924
649 981
215 924
924 974
995 655
353 655
160 924
924 810
484 620
924 389
710 180
408 815
991 924
931 3
822 314
660 42
134 595
924 618
747 924
904 164
161 924
924 597
294 304
294 331
656 581
992 460
456 459
751 344
169 775
53 37
310 394
924 545
267 924
924 715
441 606
924 975
154 924
924 825
552 924
924 642
300 924
924 923
343 253
888
302 311
425 676
300 386
879 204
206 12
742 637
723 82
137 536
656 477
523 637
75 122
343 158
236 277
85 643
328 24
778 474
93 95
203 555
695 687
165 580
357 335
607 452
775 756
875 149
245 588
115 683
705 626
177 396
239 409
128 52
738 291
706 774
165 447
5 194
37 516
603 497
719 102
655 856
382 531
604 406
551 220
510 769
553 754
363 327
50 458
606 345
12 187
868 543
400 149
679 215
829 747
726 211
733 60
191 590
526 195
769 179
488 71
35 877
544 775
294 680
551 127
131 198
276 522
525 836
516 632
849 709
314 378
233 217
812 667
760 340
631 15
690 781
141 579
370 396
590 389
238 863
402 639
860 585
727 693
313 879
35 581
143 559
16 384
661 396
450 261
684 139
245 652
620 571
426 591
630 237
7 324
861 39
130 459
680 514
615 218
21 78
69 159
202 536
707 642
419 327
655 166
436 757
846 84
462 468
158 97
392 328
601 547
167 404
130 101
54 496
574 319
70 317
851 14
619 723
125 201
623 723
501 209
636 382
666 702
470 507
52 664
535 45
436 323
532 218
263 672
472 873
836 745
39 119
482 332
719 822
68 551
854 332
740 709
668 215
143 205
65 537
270 236
19 887
359 99
377 237
200 448
361 645
615 139
697 727
182 572
31 688
507 644
385 17
58 259
228 597
379 787
621 643
844 853
302 840
478 565
246 13
113 569
423 259
276 354
428 881
698 799
821 22
208 598
269 134
313 793
325 396
760 146
258 197
487 287
753 121
119 48
800 539
559 174
119 61
86 506
573 613
16 72
733 650
78 329
98 89
599 631
241 518
60 219
643 422
192 13
362 822
450 439
675 275
162 271
561 163
678 326
597 313
846 341
186 152
820 468
748 41
305 593
108 408
525 296
36 673
672 347
322 75
859 670
771 13
52 881
497 317
217 412
479 721
770 215
537 153
143 494
359 574
283 855
282 343
390 1
584 422
450 734
695 717
149 539
671 456
772 136
498 755
875 208
223 724
856 130
185 380
443 820
554 844
698 738
157 742
883 163
518 696
249 816
374 55
840 353
175 399
56 183
76 676
14 743
266 595
347 553
511 775
121 651
318 611
685 728
562 623
270 599
69 821
368 689
411 404
29 587
305 443
172 722
528 129
602 530
333 382
219 859
211 287
219 94
848 125
561 400
249 534
318 446
11 721
331 876
480 590
548 600
842 372
93 199
381 685
270 694
284 460
616 339
492 57
83 52
865 174
739 784
105 171
775 789
349 819
849 473
705 666
401 34
673 805
80 267
624 455
536 574
251 118
342 455
767 642
21 832
281 267
559 50
38 99
595 765
232 491
48 656
533 85
236 192
245 61
60 739
214 404
80 351
316 262
78 831
260 887
59 212
653 605
517 140
578 556
276 197
657 3
679 234
194 177
435 433
382 816
375 464
589 856
211 618
493 641
349 826
92 3
684 463
886 862
721 837
707 58
684 252
110 217
248 490
29 526
774 735
811 337
42 276
427 544
645 815
489 41
444 244
794 563
297 529
87 470
793 375
7 789
575 206
253 206
294 449
198 482
658 346
63 419
272 685
555 598
736 839
410 639
370 456
239 165
350 730
819 858
503 768
100 778
71 20
299 370
464 278
834 238
869 286
617 236
12 328
509 182
497 460
227 175
619 216
310 357
210 696
570 496
346 81
540 488
356 686
772 718
373 66
255 104
231 731
746 274
400 42
32 500
279 452
235 431
566 120
443 247
796 805
360 698
829 290
404 77
643 845
28 652
602 545
475 55
753 348
275 118
509 615
803 149
103 601
180 422
14 813
164 402
877 543
710 798
247 264
797 734
259 104
660 764
724 107
372 12
471 677
585 313
836 534
788 66
488 357
416 816
668 883
314 869
230 243
154 534
325 142
594 660
720 741
714 368
350 576
250 755
323 798
716 747
139 168
465 801
664 441
791 882
101 481
454 316
730 546
78 443
502 538
135 486
675 608
379 513
230 145
645 781
174 230
602 631
1 247
812 117
707 75
866 626
447 406
395 364
414 544
445 832
1 118
665 137
760 111
27 264
159 508
421 512
618 112
132 574
833 676
582 403
210 453
884 328
19 628
744 230
370 435
847 791
60 596
487 723
468 129
47 516
5 366
727 338
421 836
300 262
844 109
700 494
650 870
268 307
249 22
809 213
180 858
222 731
93 550
77 248
808 288
181 285
63 155
773 856
840 749
846 723
792 804
80 125
648 634
761 882
45 808
182 277
560 17
512 711
132 502
55 248
263 193
662 144
22 444
365 469
450 641
399 508
869 616
336 248
84 654
683 863
498 68
44 264
187 457
79 340
600 825
491 2
419 755
387 513
163 764
390 836
492 420
273 879
2 629
649 874
83 814
469 149
198 514
161 115
424 213
414 293
395 190
330 677
719 272
556 168
780 141
822 823
724 612
688 742
456 73
503 623
62 152
369 596
574 237
833 194
30 344
138 163
856 59
557 157
414 422
393 676
567 257
658 571
717 134
526 88
92 835
681 141
440 26
398 758
443 337
148 13
480 200
8 860
590 713
450 27
570 178
708 154
73 226
609 422
883 413
368 5
180 801
90 604
230 583
442 343
130 536
880 799
361 647
431 299
591 256
871 419
854 517
396 745
468 401
806 852
862 297
83 58
497 56
170 790
73 388
779 2
396 560
558 735
25 467
37 443
244 10
567 44
752 74
364 307
119 712
496 487
83 6
172 805
14 270
262 340
157 338
501 513
684 224
783 750
138 723
125 589
763 521
424 349
711 116
3 138
557 541
692 19
270 575
874 265
58 345
106 192
850 843
566 717
251 466
564 621
189 590
774 562
401 356
283 449
376 242
887 572
636 635
350 165
356 289
592 187
818 51
869 338
219 495
674 318
782 625
355 577
863 9
304 363
435 437
41 382
74 240
46 595
584 91
872 179
61 763
426 321
343 786
720 785
353 732
559 708
444 64
358 207
819 402
568 353
168 790
2 711
451 89
721 740
489 221
40 359
243 315
796 836
818 334
484 881
852 124
499 646
695 515
613 574
774 698
225 406
190 505
4 302
117 827
762 609
57 133
718 327
325 580
151 530
594 780
407 775
603 586
263 116
574 841
595 402
760 818
30 201
615 507
691 549
849 196
88 368
600 162
156 137
879 114
513 172
755 577
471 434
789 476
829 376
105 415
622 91
134 648
430 128
452 704
563 84
104 160
33 102
89 403
58 708
17 729
527 40
309 231
750 271
521 380
737 433
14 61
810 858
19 18
552 519
448 659
504 140
672 637
298 57
467 429
279 443
461 711
292 299
641 173
340 62
152 217
391 883
163 317
519 379
544 817
307 831
297 638
824 198
728 371
500 707
484 703
840 272
289 792
169 540
883 126
614 140
131 715
844 763
450 862
823 332
15 248
740 553
428 640
184 168
609 49
486 736
509 327
873 536
824 877
852 125
352 882
795 754
569 434
669 753
695 542
45 574
392 549
309 352
140 265
352 815
446 295
438 168
226 373
781 525
310 280
254 723
166 863
405 228
113 867
308 12
563 331
885 152
561 121
752 140
251 62
16 205
848 758
397 861
329 189
25 174
488 682
171 218
61 856
93 489
317 757
699 480
308 751
524 735
143 417
207 284
347 321
229 364
45 150
663 818
128 123
857 298
887 43
176 633
395 830
478 724
154 376
717 460
117 320
650 443
737 605
864 201
653 86
306 414
400 725
96 538
887 188
777 732
275 828
610 296
362 57
144 539
571 285
367 259
259 736
782 562
544 147
210 631
312 488
23 368
208 785
103 319
73 301
153 488
349 627
483 157
709 312
776 170
805 770
878 758
309 474
342 426
171 432
701 883
854 802
838 156
504 117
485 17
300 807
179 567
781 851
293 376
284 724
646 596
3 678
520 378
118 766
113 287
190 303
440 858
299 53
158 321
672 482
571 526
145 408
418 185
342 850
451 62
462 633
274 673
557 666
204 723
850 383
888 591
754 548
67 125
373 394
759 815
385 611
997
159 397
346 159
400 720
896 400
400 188
383 159
400 811
553 400
400 816
1 159
159 729
389 400
400 147
964 400
159 443
836 400
400 256
939 400
400 985
302 400
400 705
632 400
159 75
789 400
159 342
986 159
159 948
486 159
159 518
116 159
159 411
812 400
159 381
395 159
400 936
118 400
159 322
990 400
159 97
373 400
159 721
125 400
400 944
352 400
400 231
658 400
400 276
124 400
400 268
696 159
400 878
47 400
159 341
857 400
159 146
472 159
159 278
355 400
159 287
265 400
400 501
428 400
159 919
671 159
400 58
882 400
400 609
78 400
159 657
203 400
159 613
476 159
400 417
13 400
400 820
162 400
159 333
918 159
159 138
351 159
159 879
562 159
400 550
88 159
159 400
225 159
159 602
66 400
400 759
839 159
400 916
26 159
159 915
510 400
159 965
989 159
159 692
535 159
159 424
875 159
400 119
663 400
400 80
952 159
400 902
967 159
159 620
579 400
400 534
312 400
159 372
296 400
159 803
72 159
159 440
746 400
159 305
850 400
159 996
781 400
400 199
317 159
159 422
945 159
159 234
881 159
400 15
328 400
400 517
651 159
159 932
340 400
400 691
880 400
159 554
59 400
159 982
778 400
159 567
622 159
159 35
259 159
159 841
511 159
159 380
655 400
400 50
975 400
159 279
344 400
159 849
570 400
159 292
646 400
159 165
722 400
159 791
413 159
400 523
568 400
400 229
363 159
159 211
343 159
159 230
848 400
400 293
398 159
400 91
109 400
159 481
402 400
400 12
947 159
400 563
452 400
159 17
469 400
159 439
699 159
400 489
99 400
159 98
297 159
400 972
49 159
159 753
506 159
159 36
367 400
400 102
43 159
400 163
833 159
159 725
451 400
400 837
938 159
159 210
513 400
159 320
838 400
400 133
307 159
400 565
588 159
400 485
374 159
400 168
300 400
159 255
653 400
400 808
852 400
159 549
926 400
159 430
288 159
400 929
338 400
159 128
956 159
159 27
954 400
400 241
299 400
400 815
573 159
159 688
829 400
159 194
323 159
400 470
459 400
159 750
980 400
159 232
217 159
400 959
39 400
159 313
463 400
159 719
484 159
400 223
218 159
400 614
664 159
159 64
369 400
400 190
254 159
159 388
32 159
400 445
906 159
400 888
799 159
400 909
257 159
159 814
619 159
400 823
601 400
159 364
600 400
400 572
652 400
400 802
900 400
159 868
435 400
159 780
824 159
159 581
641 159
400 145
835 159
400 529
676 159
159 354
175 159
159 309
494 159
400 176
991 159
159 855
488 400
159 851
167 400
400 353
537 400
159 813
157 159
159 809
779 159
159 191
650 400
400 539
460 159
400 723
71 400
400 245
206 400
159 587
525 159
159 864
845 159
400 303
261 159
159 107
546 400
400 637
465 159
159 790
289 400
400 40
654 159
400 198
772 400
159 826
324 159
159 83
540 400
400 235
647 400
159 743
904 159
400 504
69 400
400 794
949 159
400 57
903 159
159 358
195 400
159 509
626 159
159 67
937 400
159 988
434 400
400 869
951 400
159 404
807 159
159 122
709 400
159 883
326 400
400 414
183 400
400 752
522 159
159 821
273 159
400 236
962 159
159 604
624 400
400 661
514 159
159 63
629 400
400 536
454 400
400 914
801 159
159 349
512 159
159 865
436 159
159 378
500 400
159 148
306 400
400 427
979 400
400 678
594 159
400 656
731 400
159 827
934 400
159 29
946 400
400 761
114 400
400 139
687 400
400 733
155 400
159 775
24 400
159 136
46 159
400 308
105 400
400 258
387 400
400 856
941 400
159 631
379 159
159 48
28 159
400 110
922 159
400 730
739 400
159 541
548 159
159 745
831 400
400 760
499 400
400 866
756 400
159 706
401 400
159 82
96 400
400 606
628 400
159 115
160 159
400 396
150 400
400 556
703 400
400 892
940 159
159 137
853 159
159 174
304 400
159 716
744 159
400 19
104 159
159 660
825 159
400 682
610 400
400 925
177 400
159 942
538 159
400 187
86 159
400 185
599 400
159 726
899 159
400 819
502 159
400 171
10 400
400 280
284 159
400 152
197 400
400 867
649 159
400 955
695 400
400 73
873 400
400 392
679 400
400 552
329 159
400 571
668 159
400 20
935 159
400 515
464 400
159 768
449 400
159 576
453 159
400 684
583 400
159 578
774 400
400 164
994 400
159 386
467 400
159 963
533 400
159 891
337 400
400 978
586 400
400 166
966 400
400 616
712 400
159 766
732 159
400 9
680 159
159 755
462 159
400 516
34 159
400 277
65 400
159 894
246 159
400 457
584 159
400 22
976 400
159 981
591 400
400 884
382 159
159 438
685 400
400 561
448 400
400 473
659 400
400 741
2 159
159 68
960 400
400 227
479 159
159 283
887 159
159 950
172 400
400 496
625 159
400 585
253 400
400 728
394 400
159 238
765 159
159 272
592 400
159 319
196 159
159 281
749 400
400 736
433 159
400 267
597 400
400 828
913 159
159 179
832 159
159 977
6 159
159 348
817 400
159 240
545 159
159 282
220 159
159 366
804 400
159 269
905 400
400 375
200 400
400 409
70 400
159 714
142 159
159 711
180 400
400 931
551 159
400 483
127 159
400 840
275 400
400 415
987 159
159 242
423 159
400 112
707 400
400 219
270 159
400 153
170 400
400 14
385 159
400 911
474 159
400 204
228 400
159 224
495 400
159 362
507 400
400 569
607 159
400 971
608 159
159 455
310 400
159 144
924 400
159 45
426 159
400 181
244 400
159 777
810 159
159 214
627 159
400 796
3 159
159 480
25 400
400 754
876 400
159 345
634 159
159 336
681 400
159 212
222 400
159 724
784 400
400 252
907 400
159 662
327 400
400 503
432 400
400 617
923 159
159 776
532 159
159 910
209 400
400 589
973 159
159 368
636 159
400 645
527 400
400 764
639 159
400 429
498 400
159 54
16 400
159 843
859 159
159 958
665 400
159 316
421 400
159 90
771 400
159 186
471 159
159 420
877 159
159 580
593 159
159 233
295 400
400 872
847 400
400 769
490 159
159 933
638 400
159 773
247 159
159 18
60 159
159 468
715 159
159 151
425 400
400 612
917 400
159 487
141 400
400 85
360 159
159 120
713 159
159 493
89 400
159 491
701 400
159 213
391 400
400 79
130 400
159 361
182 400
159 290
31 400
400 582
441 159
159 4
897 400
400 390
747 159
400 416
993 400
159 603
957 159
400 356
129 159
159 786
131 159
159 818
542 400
159 675
111 400
400 717
482 159
400 559
321 159
159 135
797 159
159 874
648 400
400 226
642 159
400 207
870 400
400 410
544 400
400 920
113 400
159 143
898 400
400 21
762 400
159 577
446 159
159 984
895 159
159 846
408 400
159 399
830 159
400 347
370 159
400 742
202 159
400 995
38 159
159 81
285 400
159 792
795 400
400 618
783 159
400 161
497 159
400 644
331 159
159 492
623 159
159 674
558 159
400 630
248 159
159 953
530 159
400 860
961 159
159 890
62 159
400 611
350 400
159 727
315 400
159 633
806 400
400 117
974 400
159 598
42 159
400 311
294 159
400 788
169 159
400 8
418 159
400 407
805 400
400 621
555 159
400 23
983 400
159 854
596 159
159 997
968 159
159 758
519 159
159 693
785 159
159 595
243 159
400 87
365 400
159 458
822 400
159 140
450 159
159 412
475 400
159 943
643 159
400 237
215 400
159 332
84 400
159 686
698 400
159 208
640 159
400 901
893 159
159 106
700 400
400 37
201 400
159 61
574 400
159 101
51 400
400 74
334 400
400 782
442 400
400 928
763 159
159 251
100 159
159 149
301 159
159 798
690 400
159 239
158 159
400 262
564 400
159 666
889 400
400 325
274 159
400 330
266 400
400 154
121 159
159 615
748 159
159 384
862 400
400 677
286 159
159 41
787 400
159 77
970 400
159 156
298 159
159 697
55 159
400 53
359 400
400 524
249 400
400 250
44 159
400 667
403 159
159 437
908 159
159 718
740 159
159 738
291 159
400 263
969 400
400 520
419 400
159 264
93 159
400 689
844 400
400 221
694 400
159 393
566 400
400 5
912 400
400 702
466 159
400 834
7 159
159 477
842 400
400 335
735 159
159 505
992 159
159 531
193 400
400 605
751 400
159 871
672 400
159 205
260 159
159 314
376 400
159 590
770 159
159 173
103 159
400 708
108 400
159 192
405 400
159 92
339 159
400 767
921 159
400 885
447 400
159 526
216 159
159 575
189 400
159 670
635 159
400 33
126 400
400 178
528 159
400 927
734 159
159 184
757 159
400 858
521 159
400 377
710 159
400 371
863 159
159 683
793 400
400 557
669 400
400 95
930 400
400 94
56 400
400 271
673 159
400 547
318 400
400 357
456 159
159 886
52 159
159 123
431 159
400 800
478 159
400 132
543 400
400 444
461 159
400 560
134 159
159 704
737 159
159 76
861 159
400 508
11 400
400 406
30 159
