300
48 49
155 156
249 250
72 73
226 227
12 1
113 114
55 56
199 200
270 271
34 35
206 207
272 273
134 135
172 173
200 201
123 124
65 66
236 237
119 120
268 269
98 99
207 208
116 117
215 216
203 204
149 150
142 143
160 161
136 137
182 183
276 277
150 151
137 138
1 2
2 3
232 233
148 149
6 7
275 276
248 249
47 48
18 19
157 158
23 24
169 170
212 213
138 139
224 225
76 77
141 142
256 257
174 175
29 30
38 39
261 262
238 239
99 100
4 5
35 36
87 88
279 280
131 132
75 76
283 284
64 65
146 147
145 146
290 291
227 228
132 133
197 198
61 62
298 299
110 111
240 241
179 180
71 72
208 209
82 83
128 129
33 34
162 163
163 164
37 38
101 102
293 294
299 300
66 67
94 95
40 41
187 188
202 203
100 101
191 192
165 166
16 17
230 231
196 197
11 12
88 89
125 126
140 141
244 245
154 155
168 169
83 84
52 53
259 260
10 11
193 194
192 193
77 78
210 211
102 103
63 64
14 15
225 226
17 18
26 27
267 268
297 298
7 8
173 174
195 196
115 116
127 128
104 105
269 270
91 92
284 285
46 47
209 210
68 69
170 171
228 229
220 221
67 68
288 289
120 121
265 266
22 23
139 140
89 90
286 287
198 199
294 295
164 165
233 234
81 82
24 25
27 28
273 274
122 123
117 118
184 185
70 71
214 215
92 93
108 109
152 153
9 10
189 190
180 181
242 243
126 127
255 256
41 42
285 286
245 246
8 9
153 154
106 107
58 59
223 224
57 58
204 205
50 51
43 44
282 283
219 220
84 85
158 159
167 168
36 37
109 110
194 195
277 278
266 267
86 87
31 32
51 52
177 178
105 106
28 29
296 297
243 244
156 157
107 108
32 33
263 264
53 54
60 61
252 253
260 261
281 282
237 238
253 254
188 189
13 14
111 112
183 184
247 248
159 160
93 94
274 275
1 13
251 252
211 212
190 191
241 242
49 50
133 134
171 172
44 45
143 144
239 240
80 81
176 177
96 97
124 125
262 263
161 162
231 232
287 288
291 292
289 290
59 60
221 222
246 247
258 259
74 75
21 22
129 130
73 74
292 293
112 113
181 182
54 55
79 80
278 279
90 91
178 179
30 31
216 217
20 21
85 86
62 63
19 20
25 26
250 251
186 187
205 206
222 223
69 70
185 186
217 218
271 272
95 96
144 145
78 79
235 236
147 148
45 46
39 40
15 16
229 230
254 255
218 219
280 281
118 119
103 104
166 167
213 214
130 131
257 258
97 98
56 57
3 4
234 235
114 115
121 122
175 176
295 296
151 152
5 6
135 136
264 265
42 43
201 202
