300
130 131
289 290
196 197
77 78
92 93
188 189
201 202
24 25
140 141
160 161
255 256
182 183
209 210
165 166
191 192
23 24
32 33
136 137
110 111
158 159
157 158
212 213
65 66
162 163
115 116
40 41
86 87
121 122
239 240
112 113
28 29
90 91
273 274
161 162
260 261
87 88
63 64
57 58
204 205
97 98
287 288
286 287
206 207
44 45
253 254
98 99
228 229
258 259
190 191
105 106
159 160
195 196
259 260
149 150
12 13
74 75
293 294
94 95
270 271
276 277
18 19
193 194
271 272
248 249
288 289
58 59
67 68
202 203
243 244
48 49
141 142
17 18
43 44
135 136
208 209
261 262
96 97
84 85
107 108
16 17
167 168
174 175
156 157
148 149
26 27
68 69
104 105
268 269
210 211
146 147
85 86
151 152
143 144
5 6
108 109
54 55
247 248
263 264
178 179
242 243
27 28
38 39
64 65
9 10
117 118
211 212
187 188
6 7
203 204
278 279
125 126
189 190
172 173
80 81
142 143
235 236
83 84
218 219
30 31
47 48
154 155
150 151
113 114
137 138
299 300
264 265
101 102
50 51
222 223
124 125
169 170
76 77
132 133
254 255
282 283
88 89
227 228
192 193
62 63
223 224
176 177
122 123
237 238
166 167
231 232
4 5
75 76
138 139
280 281
197 198
19 20
103 104
36 37
241 242
106 107
109 110
35 36
14 15
216 217
102 103
95 96
199 200
229 230
152 153
251 252
153 154
15 1
1 16
78 79
155 156
134 135
181 182
71 72
220 221
114 115
295 296
290 291
56 57
45 46
128 129
194 195
246 247
225 226
118 119
120 121
256 257
82 83
37 38
123 124
180 181
207 208
7 8
281 282
53 54
89 90
133 134
170 171
163 164
8 9
2 3
279 280
119 120
250 251
262 263
283 284
171 172
139 140
213 214
20 21
41 42
126 127
226 227
60 61
79 80
232 233
272 273
198 199
129 130
183 184
81 82
46 47
277 278
284 285
144 145
164 165
73 74
1 2
236 237
249 250
33 34
111 112
219 220
99 100
245 246
11 12
205 206
266 267
3 4
147 148
70 71
267 268
168 169
173 174
184 185
269 270
234 235
221 222
252 253
66 67
42 43
69 70
175 176
274 275
13 14
233 234
49 50
52 53
244 245
186 187
257 258
214 215
100 101
59 60
240 241
61 62
292 293
296 297
39 40
127 128
51 52
285 286
116 117
145 146
179 180
185 186
275 276
230 231
217 218
72 73
215 216
34 35
29 30
25 26
291 292
21 22
131 132
294 295
10 11
200 201
297 298
224 225
298 299
238 239
91 92
22 23
177 178
93 94
265 266
55 56
31 32
