1500
22 23
518 1267
375 1124
491 1240
616 617
345 1094
299 1048
467 468
812 813
1004 1005
693 1442
403 404
600 601
321 1070
279 1028
815 816
82 83
28 29
610 611
257 1006
332 333
609 610
278 279
347 348
204 205
148 149
396 1145
1367 1368
563 564
570 1319
411 1160
130 131
244 245
553 554
65 66
580 581
57 58
546 1295
393 1142
2 751
629 1378
120 121
308 1057
1472 1473
178 179
1325 1326
1037 1038
537 1286
632 633
453 454
234 983
510 511
185 934
657 1406
1073 1074
6 7
708 1457
604 605
210 959
648 1397
48 797
690 691
247 248
687 688
1085 1086
1337 1338
1487 1488
365 1114
522 1271
794 795
1442 1443
857 858
293 1042
691 692
27 776
540 541
184 185
1196 1197
378 379
1130 1131
935 936
368 1117
617 618
1397 1398
298 299
59 808
276 1025
296 1045
663 1412
158 159
704 1453
138 139
217 218
1241 1242
1058 1059
614 1363
723 1472
1088 1089
131 132
1346 1347
504 505
223 224
701 1450
869 870
75 824
106 107
92 841
88 89
875 876
677 678
716 1465
4 5
497 498
363 364
594 595
884 885
102 103
437 1186
366 1115
535 536
269 270
905 906
194 943
188 189
100 101
998 999
656 657
599 600
524 525
959 960
743 744
1049 1050
260 261
290 1039
128 877
326 1075
1295 1296
477 478
1214 1215
104 105
291 292
19 20
974 975
736 737
280 281
1418 1419
25 26
1259 1260
1148 1149
578 1327
242 243
983 984
538 539
263 264
119 868
440 1189
698 699
416 1165
633 634
359 1108
944 945
236 985
267 268
729 1478
585 586
407 1156
135 884
544 545
433 434
355 356
152 901
397 398
741 1490
474 1223
76 77
899 900
503 504
695 696
1331 1332
318 319
579 1328
166 167
95 96
215 216
1280 1281
608 609
240 241
364 365
679 680
638 1387
1190 1191
410 1159
450 1199
99 100
1307 1308
176 925
908 909
514 515
519 520
12 13
124 125
438 439
333 334
216 965
635 1384
586 587
378 1127
650 1399
649 650
114 863
278 1027
1019 1020
512 513
198 199
566 1315
618 619
108 857
289 290
917 918
1211 1212
83 84
473 474
675 676
369 370
1217 1218
501 502
628 629
1271 1272
310 311
655 656
300 301
1220 1221
702 703
977 978
352 353
1427 1428
487 488
118 119
395 1144
956 957
1289 1290
333 1082
80 81
653 654
168 917
678 679
648 649
509 510
677 1426
221 970
326 327
641 642
518 519
602 1351
115 116
1163 1164
29 30
224 973
662 663
737 738
72 73
195 944
705 706
43 44
592 593
180 181
47 48
476 477
530 1279
684 685
1244 1245
702 1451
70 71
429 1178
103 104
302 303
135 136
1304 1305
394 395
627 1376
1364 1365
64 65
1112 1113
149 898
506 1255
1247 1248
78 827
1460 1461
413 1162
480 481
229 230
32 33
630 1379
471 1220
39 40
255 256
699 1448
1022 1023
170 171
33 34
92 93
1124 1125
881 882
272 1021
627 628
806 807
335 336
114 115
312 313
97 98
612 613
227 976
201 202
1412 1413
1286 1287
38 39
199 200
134 883
273 274
20 21
411 412
192 941
340 341
164 913
131 880
446 447
233 234
556 557
1187 1188
291 1040
218 967
707 1456
286 287
536 537
455 1204
381 382
389 390
320 321
524 1273
180 929
561 1310
719 1468
541 542
5 6
668 669
307 308
421 422
68 69
44 45
273 1022
1484 1485
683 1432
334 335
461 462
624 625
272 273
359 360
96 97
1403 1404
573 574
99 848
463 464
479 480
90 839
803 804
986 987
377 1126
294 295
402 1151
390 391
432 1181
266 1015
744 1493
390 1139
431 1180
645 1394
669 670
346 347
300 1049
67 68
243 992
388 389
839 840
324 1073
1025 1026
374 1123
213 214
11 760
427 428
1469 1470
1400 1401
729 730
347 1096
452 1201
890 891
588 1337
321 322
575 1324
336 1085
1481 1482
824 825
330 1079
251 252
122 123
168 169
284 1033
205 206
624 1373
537 538
484 485
363 1112
351 352
21 770
749 1498
1439 1440
31 32
612 1361
619 620
525 526
442 443
372 1121
821 822
842 843
341 1090
1277 1278
398 399
830 831
567 1316
554 555
1061 1062
295 296
404 405
435 1184
1298 1299
93 842
282 283
539 1288
1436 1437
722 1471
24 25
435 436
86 835
666 667
785 786
734 1483
469 470
508 509
631 632
652 653
712 713
140 141
523 524
16 17
235 236
746 747
164 165
288 1037
570 571
200 201
8 9
589 590
414 1163
625 626
504 1253
393 394
479 1228
30 779
1349 1350
1394 1395
681 1430
206 207
545 546
144 145
181 182
478 479
185 186
1157 1158
929 930
540 1289
297 298
2 3
670 671
587 1336
746 1495
317 318
224 225
309 310
202 203
245 994
731 1480
577 578
428 429
472 473
1433 1434
733 734
522 523
240 989
555 556
254 1003
57 806
59 60
543 544
190 191
1292 1293
494 1243
734 735
1319 1320
208 209
506 507
111 112
69 70
1007 1008
866 867
5 754
672 673
192 193
350 351
719 720
1118 1119
329 330
659 660
126 875
1034 1035
1178 1179
66 815
923 924
284 285
294 1043
560 561
485 1234
764 765
98 847
513 514
989 990
555 1304
9 10
7 8
327 1076
53 802
214 215
1373 1374
1103 1104
303 304
123 872
175 176
1013 1014
603 604
656 1405
396 397
651 1400
588 589
459 460
637 638
1475 1476
680 1429
674 1423
26 27
505 506
1109 1110
256 257
605 1354
591 592
337 338
745 746
150 899
1457 1458
1175 1176
530 531
46 47
1226 1227
384 385
551 1300
701 702
1262 1263
141 142
263 1012
153 902
559 560
689 690
665 666
419 420
717 718
309 1058
265 266
176 177
739 740
405 1154
640 641
198 947
304 305
749 750
158 907
725 1474
608 1357
259 260
314 1063
169 170
531 1280
1424 1425
1385 1386
55 56
52 53
257 258
189 938
86 87
209 958
231 232
110 111
770 771
728 1477
408 1157
58 59
171 172
685 686
441 442
515 1264
644 645
63 812
179 928
758 759
593 594
429 430
513 1262
1334 1335
737 1486
312 1061
87 836
137 138
730 731
323 1072
845 846
462 463
170 919
116 117
532 533
550 551
528 529
423 424
370 371
703 704
382 383
517 518
221 222
642 1391
80 829
569 570
596 597
1133 1134
968 969
490 491
500 501
84 85
661 662
687 1436
8 757
558 1307
735 1484
773 774
177 178
1091 1092
971 972
252 253
527 1276
249 998
50 51
428 1177
387 388
488 1237
299 300
409 410
1358 1359
443 444
562 563
262 263
39 788
408 409
468 469
509 1258
558 559
400 401
459 1208
636 637
191 192
947 948
41 42
1046 1047
632 1381
1181 1182
548 549
597 598
102 851
1409 1410
560 1309
328 329
516 1265
386 387
404 1153
750 1
465 1214
56 57
194 195
24 773
212 961
1265 1266
1274 1275
74 75
1052 1053
546 547
325 326
318 1067
1463 1464
227 228
663 664
161 910
371 1120
219 220
941 942
481 482
779 780
23 24
1316 1317
593 1342
932 933
383 1132
18 767
381 1130
380 381
1382 1383
144 893
623 624
1361 1362
264 1013
434 1183
576 577
449 1198
647 648
270 1019
788 789
222 223
606 1355
207 208
37 38
42 43
1454 1455
354 1103
228 229
422 1171
293 294
258 1007
155 156
645 646
602 603
15 16
644 1393
672 1421
204 953
85 86
464 1213
342 343
706 707
507 1256
1100 1101
710 711
336 337
107 108
713 714
453 1202
369 1118
1448 1449
591 1340
1421 1422
451 452
216 217
75 76
60 61
741 742
329 1078
1205 1206
863 864
486 1235
1391 1392
600 1349
30 31
306 1055
660 661
552 1301
362 1111
647 1396
707 708
386 1135
389 1138
104 853
242 991
1115 1116
53 54
376 377
32 781
474 475
338 1087
35 784
1343 1344
441 1190
660 1409
238 239
89 90
3 752
426 1175
230 231
156 157
415 416
557 1306
111 860
197 946
61 62
71 820
654 1403
182 183
713 1462
482 1231
163 164
542 543
582 583
498 499
296 297
36 37
717 1466
980 981
473 1222
246 995
578 579
356 357
405 406
74 823
740 1489
392 1141
1079 1080
503 1252
113 862
407 408
606 607
127 128
1235 1236
206 955
667 668
1352 1353
516 517
78 79
350 1099
452 453
512 1261
109 110
21 22
385 386
726 1475
609 1358
618 1367
700 701
722 723
440 441
172 173
105 854
237 238
183 932
674 675
709 710
324 325
54 55
117 866
965 966
345 346
311 312
543 1292
498 1247
316 317
436 437
566 567
678 1427
153 154
696 1445
564 1313
297 1046
465 466
547 548
101 102
914 915
1301 1302
887 888
818 819
320 1069
401 1150
698 1447
920 921
306 307
539 540
150 151
174 175
534 535
521 1270
380 1129
11 12
236 237
95 844
1106 1107
26 775
1490 1491
445 446
48 49
287 288
77 826
412 413
554 1303
60 809
357 358
1121 1122
742 743
911 912
800 801
196 197
432 433
694 695
1376 1377
621 1370
572 1321
662 1411
1082 1083
14 15
549 1298
225 974
89 838
752 753
1256 1257
220 221
902 903
626 1375
401 402
726 727
45 46
461 1210
471 472
692 1441
676 677
132 881
642 643
129 130
740 741
552 553
77 78
260 1009
467 1216
391 392
699 700
245 246
253 254
203 952
186 935
122 871
542 1291
797 798
1028 1029
275 1024
639 640
515 516
727 728
718 719
587 588
179 180
276 277
343 344
362 363
183 184
344 345
239 988
534 1283
3 4
165 166
658 659
454 455
246 247
69 818
735 736
72 821
116 865
878 879
449 450
275 276
1223 1224
94 95
641 1390
426 427
358 359
42 791
466 467
1229 1230
140 889
1493 1494
288 289
480 1229
565 566
697 698
458 459
673 674
1145 1146
533 1282
112 113
261 1010
319 320
54 803
629 630
1232 1233
120 869
475 476
491 492
563 1312
354 355
165 914
73 74
860 861
63 64
357 1106
356 1105
638 639
51 800
1172 1173
317 1066
549 550
1445 1446
725 726
611 612
720 721
548 1297
177 926
36 785
117 118
447 448
414 415
1451 1452
113 114
395 396
137 886
664 665
767 768
496 497
145 146
650 651
489 1238
576 1325
133 134
146 895
126 127
594 1343
488 489
1208 1209
738 1487
500 1249
15 764
248 249
724 725
827 828
367 368
154 155
200 949
444 445
110 859
643 644
418 419
743 1492
226 227
125 874
93 94
710 1459
684 1433
430 431
721 722
251 1000
121 122
720 1469
732 733
84 833
281 1030
926 927
711 1460
14 763
1250 1251
207 956
96 845
10 11
151 152
365 366
483 484
383 384
590 1339
159 908
213 962
493 494
615 1364
747 1496
476 1225
162 911
360 1109
579 580
1001 1002
322 323
219 968
848 849
605 606
689 1438
416 417
574 575
1010 1011
197 198
572 573
1031 1032
1238 1239
87 88
747 748
361 362
241 242
129 878
527 528
167 168
437 438
375 376
693 694
341 342
1142 1143
626 627
1043 1044
621 622
332 1081
1199 1200
17 18
671 672
212 213
50 799
1097 1098
953 954
330 331
651 652
234 235
450 451
567 568
98 99
485 486
203 204
1169 1170
134 135
173 922
1379 1380
267 1016
348 1097
1496 1497
686 1435
573 1322
477 1226
809 810
447 1196
607 608
402 403
417 418
71 72
327 328
79 80
492 1241
669 1418
419 1168
686 687
261 262
1040 1041
384 1133
422 423
1094 1095
243 244
41 790
420 421
456 1205
138 887
424 425
495 1244
12 761
545 1294
1310 1311
228 977
728 729
529 530
705 1454
1067 1068
173 174
1340 1341
635 636
688 689
431 432
20 769
239 240
583 584
521 522
281 282
495 496
143 892
1499 1500
654 655
285 286
568 569
611 1360
339 1088
714 715
502 503
620 1369
460 461
292 293
423 1172
27 28
525 1274
668 1417
342 1091
344 1093
174 923
105 106
438 1187
836 837
681 682
750 1499
56 805
101 850
526 527
528 1277
255 1004
171 920
34 35
510 1259
696 697
723 724
776 777
634 635
448 449
585 1334
653 1402
1076 1077
62 811
258 259
186 187
692 693
128 129
551 552
456 457
590 591
622 623
313 314
711 712
896 897
125 126
623 1372
17 766
339 340
1070 1071
132 133
349 350
81 82
596 1345
1016 1017
155 904
66 67
157 158
149 150
695 1444
499 500
311 1060
191 940
782 783
301 302
374 375
665 1414
413 414
9 758
377 378
536 1285
13 14
302 1051
420 1169
1253 1254
283 284
290 291
617 1366
159 160
315 1064
520 521
1127 1128
47 796
279 280
215 964
1268 1269
38 787
269 1018
613 614
35 36
218 219
45 794
287 1036
738 739
646 647
417 1166
1283 1284
353 1102
599 1348
457 458
571 572
683 684
387 1136
636 1385
305 1054
1328 1329
444 1193
142 143
271 272
470 1219
584 585
91 92
193 194
872 873
1388 1389
248 997
33 782
1370 1371
49 50
264 265
603 1352
1322 1323
146 147
232 233
211 212
119 120
399 1148
68 817
744 745
995 996
351 1100
266 267
348 349
222 971
1 2
314 315
187 188
531 532
29 778
1193 1194
657 658
1184 1185
277 278
308 309
210 211
51 52
950 951
511 512
147 896
446 1195
483 1232
141 890
716 717
225 226
1151 1152
639 1388
680 681
575 576
666 1415
614 615
406 407
854 855
152 153
1430 1431
399 400
331 332
372 373
83 832
458 1207
893 894
489 490
494 495
630 631
392 393
410 411
561 562
303 1052
1415 1416
439 440
434 435
748 749
305 306
18 19
1154 1155
595 596
162 163
65 814
23 772
443 1192
601 602
564 565
938 939
682 683
425 1174
107 856
731 732
584 1333
1166 1167
704 705
373 374
195 196
533 534
659 1408
455 456
40 41
425 426
462 1211
620 621
233 982
497 1246
161 162
231 980
379 380
690 1439
285 1034
482 483
671 1420
398 1147
209 210
1139 1140
268 269
335 1084
254 255
156 905
761 762
249 250
201 950
136 137
139 140
274 275
962 963
615 616
468 1217
598 599
147 148
338 339
715 716
237 986
581 1330
62 63
581 582
282 1031
1406 1407
633 1382
755 756
323 324
108 109
1313 1314
1064 1065
582 1331
569 1318
250 251
597 1346
492 493
366 367
507 508
1202 1203
182 931
143 144
486 487
714 1463
557 558
90 91
6 755
1136 1137
230 979
1055 1056
360 361
188 937
1355 1356
992 993
708 709
791 792
371 372
732 1481
851 852
1478 1479
123 124
270 271
189 190
501 1250
160 161
353 354
368 369
470 471
81 830
44 793
167 916
1466 1467
675 1424
464 465
1160 1161
252 1001
315 316
833 834
519 1268
