1800
232 233
1185 1186
1663 1664
1703 1704
1724 1725
892 893
1193 1194
1304 1305
1608 1609
1710 1711
674 675
39 40
236 237
1575 1576
60 61
80 81
1272 1273
722 723
1588 1589
1701 1702
1567 1568
1284 1285
1692 1693
589 590
1027 1028
1491 1492
681 682
721 722
1593 1594
802 803
278 279
1776 1777
1479 1480
16 17
151 152
1201 1202
1167 1168
1348 1349
59 60
1676 1677
1397 1398
1744 1745
1391 1392
1077 1078
1389 1390
315 316
44 45
1418 1419
1668 1669
457 458
200 201
1235 1236
1404 1405
1390 1391
1299 1300
1026 1027
1760 1761
1722 1723
107 108
1130 1131
854 855
688 689
1798 1799
28 29
1158 1159
1777 1778
997 998
832 833
1392 1393
1785 1786
1 2
842 843
1553 1554
1216 1217
495 496
1584 1585
1086 1087
510 511
183 184
866 867
1718 1719
1176 1177
992 993
1563 1564
143 144
157 158
250 251
51 52
456 457
1347 1348
1293 1294
118 119
1666 1667
1795 1796
699 700
253 254
1112 1113
1577 1578
717 718
458 459
129 130
569 570
130 131
2 3
845 846
958 959
160 161
977 978
1529 1530
1505 1506
214 215
1274 1275
1106 1107
425 426
1153 1154
34 35
1621 1622
1566 1567
30 31
1321 1322
596 597
1693 1694
1173 1174
879 880
1369 1370
994 995
1636 1637
944 945
1653 1654
888 889
666 667
1451 1452
1332 1333
743 744
244 245
1624 1625
947 948
1144 1145
1602 1603
349 350
1713 1714
803 804
291 292
15 16
1368 1369
729 730
1048 1049
1455 1456
1078 1079
271 272
615 616
550 551
63 64
1783 1784
1445 1446
1035 1036
1432 1433
1379 1380
603 604
1729 1730
1140 1141
341 342
1203 1204
989 990
1657 1658
952 953
639 640
658 659
272 273
1728 1729
1250 1251
435 436
1672 1673
557 558
131 132
772 773
978 979
228 229
1328 1329
662 663
583 584
1761 1762
579 580
35 36
1150 1151
1006 1007
375 376
395 396
1675 1676
627 628
1018 1019
680 681
468 469
246 247
904 905
61 62
621 622
1238 1239
1627 1628
405 406
1688 1689
590 591
1087 1088
1222 1223
111 112
936 937
1422 1423
833 834
1301 1302
1626 1627
771 772
1114 1115
1560 1561
1569 1570
962 963
112 113
587 588
483 484
1290 1291
1353 1354
1691 1692
916 917
883 884
704 705
925 926
1488 1489
1787 1788
1355 1356
1133 1134
848 849
428 429
412 413
152 153
1351 1352
869 870
1326 1327
387 388
1700 1701
276 277
632 633
145 146
1315 1316
791 792
1382 1383
1623 1624
665 666
1512 1513
340 341
115 116
1740 1741
1519 1520
1734 1735
677 678
307 308
1408 1409
397 398
600 601
1350 1351
605 606
1323 1324
18 19
723 724
1587 1588
264 265
1170 1171
492 493
441 442
919 920
1469 1470
707 708
552 553
941 942
667 668
1243 1244
1594 1595
1741 1742
1475 1476
1034 1035
84 85
1561 1562
1148 1149
1590 1591
981 982
331 332
1354 1355
43 44
376 377
1360 1361
1105 1106
599 600
934 935
1695 1696
1180 1181
1717 1718
469 470
171 172
1720 1721
556 557
682 683
1207 1208
1586 1587
814 815
70 71
169 170
476 477
1665 1666
178 179
14 15
327 328
161 162
1615 1616
116 117
825 826
1591 1592
1497 1498
364 365
1220 1221
93 94
818 819
813 814
1457 1458
199 200
735 736
245 246
948 949
417 418
500 501
301 302
280 281
1356 1357
1614 1615
431 432
31 32
133 134
562 563
1082 1083
1638 1639
1556 1557
897 898
669 670
1342 1343
1401 1402
237 238
57 58
1472 1473
1063 1064
106 107
1486 1487
1318 1319
407 408
1252 1253
515 516
1182 1183
484 485
1079 1080
1030 1031
285 286
568 569
901 902
873 874
893 894
279 280
625 626
1779 1780
1075 1076
1160 1161
1228 1229
324 325
1595 1596
398 399
1738 1739
1314 1315
289 290
1156 1157
1431 1432
698 699
911 912
20 21
86 87
817 818
1066 1067
629 630
1395 1396
72 73
117 118
1745 1746
846 847
1765 1766
1099 1100
1008 1009
1706 1707
168 169
1592 1593
1646 1647
444 445
71 72
1098 1099
366 367
896 897
835 836
155 156
85 86
553 554
780 781
223 224
282 283
972 973
858 859
887 888
419 420
1565 1566
1298 1299
1702 1703
482 483
1570 1571
1104 1105
968 969
1039 1040
463 464
1076 1077
643 644
1045 1046
1495 1496
840 841
1571 1572
1265 1266
1275 1276
1138 1139
445 446
1504 1505
1009 1010
1797 1798
1763 1764
304 305
1616 1617
582 583
957 958
67 68
210 211
89 90
1181 1182
737 738
538 539
1322 1323
1305 1306
9 10
1611 1612
269 270
69 70
757 758
1120 1121
1585 1586
933 934
294 295
286 287
1696 1697
849 850
97 98
741 742
1607 1608
430 431
156 157
1415 1416
622 623
678 679
1012 1013
779 780
292 293
1386 1387
49 50
1501 1502
982 983
1528 1529
535 536
13 14
242 243
731 732
1467 1468
1799 1800
617 618
114 115
980 981
1100 1101
564 565
1129 1130
1784 1785
1762 1763
461 462
995 996
943 944
635 636
561 562
1730 1731
317 318
1662 1663
1522 1523
638 639
525 526
1047 1048
422 423
816 817
1338 1339
655 656
799 800
630 631
1409 1410
439 440
584 585
1146 1147
1134 1135
917 918
533 534
940 941
671 672
609 610
342 343
1147 1148
402 403
712 713
383 384
1450 1451
1270 1271
1311 1312
1439 1440
974 975
306 307
508 509
460 461
534 535
1217 1218
1742 1743
950 951
1123 1124
577 578
1456 1457
701 702
455 456
374 375
79 80
472 473
851 852
1174 1175
800 801
1617 1618
565 566
40 41
591 592
1477 1478
1782 1783
1109 1110
1380 1381
1487 1488
872 873
1064 1065
1773 1774
586 587
37 38
506 507
850 851
1746 1747
634 635
713 714
628 629
513 514
56 57
1453 1454
146 147
1223 1224
1411 1412
170 171
546 547
794 795
47 48
1366 1367
797 798
1340 1341
424 425
541 542
694 695
1492 1493
646 647
963 964
224 225
970 971
502 503
1721 1722
1633 1634
983 984
353 354
1511 1512
449 450
1057 1058
110 111
1378 1379
1333 1334
1372 1373
807 808
1221 1222
1620 1621
909 910
913 914
1413 1414
1049 1050
1705 1706
127 128
907 908
275 276
347 348
1440 1441
1521 1522
1564 1565
24 25
368 369
745 746
149 150
415 416
782 783
1166 1167
1169 1170
42 43
1387 1388
824 825
687 688
255 256
339 340
316 317
585 586
1648 1649
158 159
243 244
1227 1228
770 771
778 779
1021 1022
1532 1533
1406 1407
462 463
747 748
946 947
528 529
162 163
679 680
345 346
1061 1062
719 720
1307 1308
1036 1037
709 710
1664 1665
300 301
382 383
1096 1097
1769 1770
715 716
827 828
659 660
536 537
371 372
777 778
1470 1471
1053 1054
346 347
1642 1643
1094 1095
1268 1269
1124 1125
1644 1645
522 523
1661 1662
1218 1219
1423 1424
1536 1537
905 906
251 252
68 69
1427 1428
1128 1129
1004 1005
179 180
895 896
1046 1047
1667 1668
197 198
283 284
1481 1482
1113 1114
581 582
1334 1335
1583 1584
218 219
221 222
137 138
265 266
1514 1515
1155 1156
167 168
647 648
177 178
612 613
238 239
92 93
935 936
923 924
1022 1023
514 515
1739 1740
260 261
1400 1401
134 135
1573 1574
1464 1465
1044 1045
524 525
844 845
298 299
1768 1769
410 411
1625 1626
1200 1201
124 125
23 24
1097 1098
874 875
1554 1555
373 374
138 139
860 861
1013 1014
147 148
227 228
1361 1362
1628 1629
1711 1712
1071 1072
1533 1534
1513 1514
837 838
191 192
1316 1317
1179 1180
1237 1238
1557 1558
1791 1792
62 63
7 8
65 66
216 217
189 190
352 353
1538 1539
105 106
1489 1490
551 552
509 510
480 481
642 643
653 654
1635 1636
861 862
748 749
1442 1443
660 661
311 312
894 895
1631 1632
820 821
217 218
1001 1002
1792 1793
1394 1395
692 693
1214 1215
132 133
652 653
1352 1353
209 210
486 487
1052 1053
1550 1551
931 932
1596 1597
864 865
1199 1200
1108 1109
1530 1531
1790 1791
1363 1364
650 651
616 617
766 767
1463 1464
45 46
401 402
870 871
676 677
1014 1015
1480 1481
465 466
1756 1757
1198 1199
1424 1425
1118 1119
288 289
1465 1466
920 921
595 596
785 786
1606 1607
1689 1690
645 646
1178 1179
423 424
1618 1619
1089 1090
1727 1728
1541 1542
1793 1794
985 986
545 546
1190 1191
1603 1604
774 775
1343 1344
769 770
381 382
742 743
1312 1313
239 240
52 53
414 415
996 997
1142 1143
190 191
1685 1686
442 443
620 621
1253 1254
1273 1274
1673 1674
1482 1483
967 968
55 56
811 812
1579 1580
1244 1245
1283 1284
319 320
1280 1281
403 404
1748 1749
610 611
1271 1272
1716 1717
664 665
440 441
1599 1600
258 259
1059 1060
1687 1688
1376 1377
330 331
1177 1178
367 368
212 213
903 904
661 662
182 183
1102 1103
918 919
1712 1713
432 433
1101 1102
1454 1455
1524 1525
26 27
1065 1066
1671 1672
988 989
361 362
174 175
1241 1242
1297 1298
847 848
1269 1270
648 649
697 698
73 74
1319 1320
1496 1497
1157 1158
1278 1279
194 195
11 12
1197 1198
954 955
649 650
755 756
1551 1552
139 140
1656 1657
912 913
1370 1371
1545 1546
784 785
891 892
939 940
226 227
64 65
910 911
991 992
290 291
1416 1417
1417 1418
636 637
1277 1278
478 479
1772 1773
955 956
1757 1758
1647 1648
1709 1710
96 97
1684 1685
95 96
254 255
826 827
1196 1197
1346 1347
1449 1450
1070 1071
186 187
1527 1528
593 594
293 294
548 549
185 186
670 671
211 212
325 326
1393 1394
822 823
165 166
1081 1082
656 657
1483 1484
504 505
176 177
485 486
885 886
1164 1165
1516 1517
932 933
1267 1268
949 950
1143 1144
1490 1491
1067 1068
379 380
1381 1382
1568 1569
1288 1289
1582 1583
1122 1123
1589 1590
1421 1422
159 160
856 857
1358 1359
543 544
351 352
1500 1501
926 927
1428 1429
1507 1508
1306 1307
259 260
1259 1260
1007 1008
690 691
231 232
312 313
1719 1720
921 922
201 202
1547 1548
725 726
1206 1207
1749 1750
1731 1732
829 830
749 750
1601 1602
1494 1495
549 550
329 330
434 435
1266 1267
172 173
126 127
1080 1081
685 686
973 974
1725 1726
1509 1510
1715 1716
696 697
1219 1220
1645 1646
1287 1288
965 966
1294 1295
1092 1093
906 907
865 866
1371 1372
75 76
1630 1631
1732 1733
1302 1303
805 806
624 625
204 205
10 11
1072 1073
532 533
810 811
1125 1126
783 784
1429 1430
46 47
1419 1420
1242 1243
884 885
793 794
256 257
1126 1127
1546 1547
705 706
530 531
163 164
413 414
436 437
1796 1797
852 853
531 532
1452 1453
1441 1442
1300 1301
1655 1656
1581 1582
684 685
841 842
1414 1415
240 241
1093 1094
942 943
1189 1190
1764 1765
1788 1789
305 306
855 856
554 555
1054 1055
1485 1486
335 336
547 548
1670 1671
408 409
762 763
388 389
637 638
1309 1310
1010 1011
607 608
109 110
1520 1521
1127 1128
875 876
1175 1176
828 829
501 502
633 634
1208 1209
1041 1042
1188 1189
1425 1426
1544 1545
1402 1403
1329 1330
1367 1368
448 449
1117 1118
119 120
1612 1613
1015 1016
736 737
1233 1234
1555 1556
1313 1314
363 364
336 337
604 605
198 199
29 30
1503 1504
1261 1262
338 339
1443 1444
491 492
693 694
1518 1519
503 504
409 410
1433 1434
959 960
104 105
193 194
764 765
8 9
956 957
1723 1724
746 747
1420 1421
1320 1321
1543 1544
248 249
788 789
464 465
1735 1736
711 712
1213 1214
1136 1137
924 925
537 538
77 78
773 774
975 976
328 329
1171 1172
6 7
153 154
831 832
203 204
1604 1605
17 18
41 42
1245 1246
999 1000
459 460
540 541
108 109
753 754
252 253
1028 1029
1771 1772
498 499
1023 1024
1434 1435
1289 1290
467 468
1537 1538
1448 1449
188 189
573 574
1447 1448
142 143
128 129
362 363
333 334
3 4
819 820
1754 1755
438 439
815 816
355 356
1498 1499
400 401
5 6
1248 1249
1135 1136
1430 1431
499 500
889 890
1115 1116
1154 1155
297 298
450 451
1202 1203
663 664
1239 1240
886 887
1681 1682
1211 1212
1775 1776
542 543
1159 1160
247 248
808 809
443 444
390 391
1043 1044
555 556
821 822
1374 1375
1743 1744
1246 1247
1502 1503
1016 1017
1335 1336
812 813
1137 1138
1679 1680
898 899
830 831
1364 1365
961 962
4 5
1766 1767
404 405
1121 1122
1446 1447
120 121
470 471
657 658
1548 1549
1781 1782
420 421
614 615
863 864
1005 1006
529 530
1282 1283
576 577
751 752
714 715
267 268
322 323
1610 1611
144 145
1558 1559
1690 1691
1474 1475
91 92
760 761
570 571
937 938
990 991
798 799
261 262
102 103
262 263
796 797
337 338
284 285
207 208
496 497
1236 1237
1038 1039
787 788
857 858
733 734
1017 1018
763 764
81 82
1058 1059
313 314
877 878
580 581
987 988
563 564
1600 1601
473 474
1388 1389
1325 1326
702 703
862 863
984 985
1191 1192
1263 1264
594 595
314 315
1262 1263
1609 1610
229 230
1458 1459
1461 1462
196 197
213 214
1308 1309
277 278
1192 1193
839 840
1110 1111
1224 1225
775 776
487 488
640 641
1508 1509
263 264
303 304
154 155
125 126
332 333
1682 1683
938 939
1759 1760
951 952
1534 1535
53 54
148 149
960 961
475 476
1141 1142
1031 1032
914 915
281 282
1357 1358
1506 1507
121 122
490 491
706 707
1707 1708
494 495
356 357
233 234
1444 1445
369 370
122 123
868 869
1778 1779
1637 1638
728 729
859 860
302 303
654 655
257 258
969 970
385 386
25 26
74 75
964 965
474 475
644 645
1619 1620
357 358
453 454
1660 1661
1149 1150
1276 1277
1466 1467
878 879
394 395
1162 1163
1037 1038
66 67
768 769
427 428
471 472
1733 1734
1168 1169
98 99
602 603
1339 1340
1540 1541
675 676
1317 1318
708 709
1747 1748
38 39
187 188
479 480
1750 1751
1212 1213
1107 1108
823 824
1042 1043
1629 1630
686 687
1184 1185
466 467
623 624
520 521
1572 1573
608 609
1752 1753
411 412
1640 1641
1151 1152
113 114
700 701
505 506
1639 1640
986 987
1459 1460
1195 1196
1002 1003
1580 1581
103 104
1786 1787
734 735
1292 1293
1161 1162
806 807
1649 1650
739 740
517 518
100 101
1559 1560
611 612
567 568
1165 1166
1598 1599
1674 1675
396 397
1251 1252
716 717
54 55
360 361
758 759
392 393
1310 1311
1229 1230
19 20
1686 1687
720 721
1103 1104
22 23
1331 1332
1260 1261
1344 1345
979 980
1033 1034
1704 1705
871 872
1119 1120
135 136
881 882
1050 1051
1091 1092
1562 1563
1780 1781
1659 1660
756 757
1090 1091
1651 1652
1258 1259
1698 1699
1234 1235
781 782
876 877
1345 1346
890 891
516 517
429 430
1336 1337
1337 1338
1410 1411
477 478
76 77
1225 1226
195 196
1753 1754
804 805
377 378
222 223
606 607
1210 1211
1789 1790
1471 1472
1435 1436
1523 1524
1396 1397
1576 1577
101 102
1264 1265
998 999
426 427
1172 1173
219 220
1641 1642
1375 1376
1737 1738
867 868
1539 1540
899 900
1535 1536
1069 1070
1062 1063
759 760
1359 1360
36 37
683 684
1083 1084
1597 1598
359 360
393 394
295 296
1436 1437
544 545
308 309
141 142
384 385
1040 1041
1230 1231
27 28
1643 1644
613 614
738 739
399 400
1231 1232
560 561
1476 1477
523 524
1051 1052
1303 1304
566 567
488 489
1426 1427
1526 1527
173 174
1349 1350
930 931
1770 1771
1650 1651
1462 1463
234 235
451 452
87 88
558 559
521 522
1437 1438
78 79
1256 1257
433 434
1399 1400
718 719
1669 1670
348 349
730 731
1183 1184
140 141
710 711
309 310
1139 1140
380 381
1324 1325
1578 1579
1132 1133
727 728
754 755
82 83
1525 1526
790 791
372 373
922 923
1003 1004
902 903
834 835
1073 1074
1291 1292
99 100
571 572
1574 1575
1186 1187
945 946
1385 1386
1677 1678
273 274
971 972
672 673
1384 1385
601 602
181 182
350 351
268 269
1254 1255
21 22
574 575
1652 1653
32 33
249 250
882 883
1515 1516
136 137
966 967
391 392
927 928
619 620
929 930
953 954
1116 1117
809 810
266 267
976 977
1240 1241
673 674
1163 1164
50 51
801 802
1493 1494
1473 1474
344 345
767 768
206 207
1011 1012
192 193
1726 1727
572 573
838 839
493 494
1794 1795
378 379
235 236
689 690
1510 1511
1088 1089
592 593
512 513
1255 1256
1068 1069
1285 1286
1383 1384
202 203
1499 1500
752 753
1194 1195
651 652
1145 1146
318 319
578 579
1084 1085
1111 1112
786 787
1327 1328
588 589
626 627
1249 1250
1024 1025
326 327
853 854
1680 1681
732 733
1295 1296
1758 1759
166 167
1708 1709
740 741
1019 1020
618 619
365 366
641 642
1774 1775
1226 1227
761 762
1699 1700
1152 1153
1531 1532
1800 1
1055 1056
526 527
597 598
370 371
358 359
724 725
1131 1132
843 844
1634 1635
1412 1413
836 837
215 216
1095 1096
765 766
123 124
1552 1553
1542 1543
703 704
323 324
880 881
447 448
695 696
1622 1623
12 13
1407 1408
915 916
1767 1768
270 271
1405 1406
489 490
750 751
519 520
1204 1205
1209 1210
1029 1030
180 181
1398 1399
1341 1342
511 512
343 344
90 91
33 34
1373 1374
48 49
1060 1061
296 297
299 300
1281 1282
1678 1679
744 745
184 185
321 322
1020 1021
507 508
668 669
1755 1756
928 929
1549 1550
1478 1479
1484 1485
1714 1715
1403 1404
691 692
559 560
1517 1518
1613 1614
220 221
1025 1026
354 355
789 790
1000 1001
274 275
908 909
1377 1378
225 226
421 422
497 498
164 165
1056 1057
795 796
1654 1655
334 335
418 419
631 632
1632 1633
452 453
539 540
1438 1439
208 209
1736 1737
1279 1280
900 901
1468 1469
230 231
527 528
320 321
150 151
792 793
416 417
205 206
1205 1206
83 84
241 242
389 390
175 176
1362 1363
437 438
1751 1752
1247 1248
386 387
446 447
1330 1331
454 455
993 994
1032 1033
58 59
1286 1287
88 89
1460 1461
310 311
1365 1366
1697 1698
1296 1297
1257 1258
1232 1233
481 482
1085 1086
1074 1075
575 576
776 777
1187 1188
1658 1659
94 95
287 288
518 519
1694 1695
1683 1684
1215 1216
726 727
406 407
1605 1606
598 599
