3000
1133 2632
987 2486
72 1571
1384 1385
334 335
1946 1947
840 2339
1748 1749
239 240
1212 1213
642 2141
979 980
228 1727
1356 1357
236 1735
1580 1581
17 18
893 2392
201 202
1407 1408
968 2467
2687 2688
1229 1230
1454 1455
1103 2602
245 1744
533 534
2996 2997
799 800
105 106
1017 1018
1490 1491
242 1741
1052 1053
7 8
1802 1803
559 560
1422 2921
869 870
600 601
599 600
1451 2950
192 1691
713 714
16 17
2735 2736
1109 2608
2438 2439
1037 2536
603 2102
951 2450
999 1000
158 159
2972 2973
975 2474
132 1631
941 942
476 477
372 1871
472 473
1122 1123
308 1807
374 375
1466 1467
1404 1405
2096 2097
1165 1166
545 546
677 678
1406 1407
1185 2684
221 1720
408 1907
1308 2807
855 856
1392 2891
812 813
2804 2805
836 2335
962 963
465 1964
1076 1077
747 2246
119 120
710 2209
41 42
1281 2780
276 277
567 568
179 1678
587 588
688 689
590 2089
455 1954
1017 2516
2705 2706
656 2155
461 462
2729 2730
2678 2679
1682 1683
494 1993
1246 1247
1658 1659
936 2435
1260 1261
467 1966
1334 1335
45 46
603 604
468 469
1483 1484
801 2300
2147 2148
9 10
620 621
497 498
1823 1824
1544 1545
890 891
1395 1396
617 2116
56 57
424 425
2813 2814
983 2482
299 300
806 807
392 1891
1043 2542
77 1576
138 1637
1511 1512
1766 1767
976 977
829 830
290 1789
681 682
1352 1353
2054 2055
187 188
987 988
251 252
434 1933
2024 2025
236 237
598 599
303 1802
1268 1269
1224 1225
404 1903
1491 1492
462 463
855 2354
470 1969
2537 2538
99 1598
830 831
1344 1345
766 767
1610 1611
1192 1193
1449 1450
2432 2433
521 2020
270 271
129 130
1168 1169
1721 1722
248 249
67 68
660 2159
2441 2442
2978 2979
1053 2552
537 538
2063 2064
1006 1007
267 1766
1886 1887
2675 2676
630 631
717 2216
483 1982
669 2168
1097 2596
1016 2515
195 196
1190 1191
2918 2919
586 587
1424 1425
414 1913
414 415
1135 1136
1324 1325
792 2291
926 927
885 2384
777 778
342 1841
927 928
2351 2352
896 897
1322 1323
2270 2271
1253 2752
2567 2568
2612 2613
2603 2604
2645 2646
1907 1908
1446 1447
328 329
244 245
84 1583
2123 2124
1073 1074
1367 1368
1262 1263
573 2072
1745 1746
1862 1863
873 874
8 1507
870 871
1237 1238
1853 1854
197 1696
1529 1530
1310 2809
1124 1125
477 1976
1321 1322
1446 2945
2948 2949
638 639
1286 2785
375 376
182 183
94 95
501 502
1027 1028
1163 2662
878 2377
1652 1653
45 1544
1280 1281
789 2288
738 2237
485 486
898 899
2219 2220
92 93
714 2213
671 672
2840 2841
131 132
839 2338
921 922
422 1921
234 1733
816 2315
454 455
2090 2091
1925 1926
959 2458
1047 2546
1104 2603
969 2468
1688 1689
26 27
1013 1014
1216 1217
71 1570
2915 2916
525 526
362 363
1317 1318
69 70
1451 1452
297 1796
128 1627
781 782
2099 2100
2807 2808
1396 1397
1426 1427
437 1936
1380 1381
2471 2472
662 663
2285 2286
1244 1245
1480 1481
34 35
90 91
824 825
526 527
824 2323
287 288
1110 1111
279 1778
478 479
1341 1342
2882 2883
2786 2787
527 528
8 9
311 1810
1895 1896
1970 1971
451 452
195 1694
363 1862
50 51
807 2306
114 1613
1805 1806
2672 2673
673 674
1463 1464
2333 2334
906 907
1452 2951
845 2344
635 636
425 426
340 341
536 2035
782 783
2261 2262
800 801
1191 2690
1235 1236
234 235
876 877
1928 1929
1478 2977
1493 1494
2747 2748
465 466
609 2108
1406 2905
2318 2319
281 282
665 666
161 162
458 1957
639 640
42 43
310 311
1365 2864
725 2224
1292 2791
459 460
2588 2589
218 219
602 603
1276 1277
1655 1656
152 1651
2069 2070
233 1732
63 64
943 944
1467 2966
51 52
110 1609
1189 1190
159 160
1208 2707
384 1883
760 761
301 302
13 14
393 1892
1106 2605
2447 2448
950 951
96 1595
1148 1149
767 2266
1201 1202
911 912
1361 2860
59 1558
506 2005
846 847
1048 1049
1247 1248
2018 2019
366 367
1016 1017
1459 1460
503 504
1461 2960
2648 2649
1021 1022
1009 1010
233 234
2195 2196
356 1855
1793 1794
1391 1392
754 755
285 286
198 1697
309 310
566 2065
352 353
1371 2870
1173 1174
271 272
395 1894
296 297
1152 1153
591 2090
97 98
1856 1857
1203 1204
1102 1103
1 2
1233 2732
1127 1128
922 923
2468 2469
102 1601
1104 1105
1619 1620
218 1717
502 503
511 512
1226 1227
884 2383
684 2183
1495 1496
876 2375
809 2308
1091 2590
654 2153
1464 1465
1160 2659
353 354
906 2405
1068 1069
2150 2151
998 999
227 1726
1307 2806
1229 2728
2834 2835
392 393
1500 2999
901 902
1250 1251
786 2285
471 472
2159 2160
1300 1301
722 723
255 1754
1727 1728
2756 2757
2597 2598
450 1949
1293 1294
1030 1031
2138 2139
1427 1428
1679 1680
2042 2043
172 173
1067 1068
937 938
2363 2364
1781 1782
693 2192
81 82
1130 1131
1874 1875
1242 2741
966 967
39 1538
2939 2940
1296 1297
326 327
336 337
1661 1662
1200 2699
320 1819
749 2248
743 2242
1484 2983
852 2351
657 2156
1559 1560
362 1861
1461 1462
416 1915
1508 1509
2954 2955
2525 2526
997 998
193 194
2837 2838
480 481
1880 1881
866 2365
117 118
558 559
268 269
1289 1290
592 593
720 2219
308 309
1241 1242
410 411
790 791
477 478
1281 1282
604 605
2282 2283
149 1648
1211 2710
913 914
761 2260
504 505
115 116
133 134
1244 2743
293 294
1146 2645
1450 1451
910 911
1342 1343
2942 2943
1302 1303
1386 1387
1155 2654
212 213
1049 2548
1370 1371
1676 1677
591 592
1132 1133
1433 1434
380 1879
1796 1797
2669 2670
312 1811
2444 2445
185 186
573 574
897 898
1457 1458
2273 2274
104 105
1284 1285
219 220
1299 2798
1398 2897
20 21
443 1942
165 1664
1022 1023
1712 1713
38 1537
1200 1201
539 2038
496 497
1008 2507
755 756
561 562
1319 2818
276 1775
1364 1365
920 921
49 50
1432 1433
2897 2898
123 124
531 532
1251 1252
974 975
564 2063
1340 2839
1496 1497
1440 2939
441 442
938 939
1343 2842
1028 1029
85 86
963 2462
2168 2169
1061 2560
322 323
1649 1650
177 178
1469 2968
935 936
854 2353
770 771
515 2014
1226 2725
1011 1012
339 340
2966 2967
1814 1815
1775 1776
1372 1373
1001 1002
1492 1493
1408 1409
915 2414
1272 2771
17 1516
537 2036
739 740
1131 1132
933 2432
175 176
1209 1210
1195 1196
554 2053
1757 1758
210 211
245 246
2762 2763
2141 2142
1123 1124
1397 2896
1424 2923
555 2054
2933 2934
27 1526
2873 2874
309 1808
1018 1019
1320 1321
1134 2633
23 24
704 2203
881 2380
534 2033
850 851
1130 2629
1090 1091
1032 2531
917 918
900 901
786 787
1112 2611
263 264
908 2407
676 677
1481 1482
366 1865
985 986
1316 2815
1071 2570
423 424
1471 1472
194 195
2060 2061
942 943
594 595
1389 2888
1437 2936
538 539
76 77
1476 1477
1730 1731
428 429
815 2314
576 2075
452 1951
1389 1390
286 287
1035 2534
574 575
1230 2729
1401 1402
2108 2109
371 372
229 230
607 608
2765 2766
651 2150
2663 2664
1390 1391
727 728
431 1930
564 565
896 2395
1499 2998
689 2188
967 968
981 2480
2450 2451
1072 1073
147 1646
625 626
2900 2901
329 1828
918 2417
995 996
393 394
294 295
895 896
464 465
182 1681
1268 2767
838 839
306 307
447 1946
594 2093
333 1832
1059 1060
407 1906
818 2317
701 2200
1041 1042
624 625
2738 2739
512 2011
527 2026
583 584
1838 1839
649 650
991 992
817 818
711 2210
47 48
912 913
5 6
2912 2913
1126 1127
77 78
1255 1256
341 1840
2654 2655
386 387
1997 1998
597 598
1181 2680
1462 1463
83 84
1199 1200
682 683
778 779
627 628
2660 2661
808 809
797 2296
2702 2703
208 209
2513 2514
11 12
549 550
88 89
1314 1315
1403 1404
501 2000
137 138
873 2372
2693 2694
231 232
280 281
1370 2869
2570 2571
63 1562
1445 2944
1221 1222
512 513
430 431
831 832
957 2456
894 895
565 566
479 480
1417 1418
1643 1644
785 786
1444 1445
525 2024
266 267
1010 1011
377 378
1209 2708
1456 1457
1351 1352
2120 2121
1871 1872
1275 2774
548 549
724 725
1313 1314
1094 1095
1431 1432
294 1793
1455 2954
1065 2564
266 1765
731 2230
134 1633
678 2177
1270 1271
39 40
599 2098
44 1543
633 2132
419 1918
1098 2597
249 250
162 163
2777 2778
524 2023
2516 2517
267 268
2417 2418
974 2473
1066 1067
1832 1833
1430 1431
365 366
667 668
1502 1503
2225 2226
1051 1052
998 2497
1214 1215
2420 2421
2870 2871
2606 2607
1397 1398
339 1838
360 361
42 1541
1439 1440
909 910
758 759
1359 1360
1295 2794
1697 1698
2111 2112
1404 2903
549 2048
550 551
1280 2779
1064 2563
1077 2576
398 399
343 344
459 1958
935 2434
2078 2079
553 554
48 1547
167 168
52 53
1634 1635
203 1702
542 543
939 2438
346 347
489 1988
1520 1521
24 1523
1283 1284
498 499
235 236
2039 2040
1323 1324
407 408
1352 2851
65 66
946 947
38 39
1299 1300
155 156
1553 1554
89 90
1059 2558
2690 2691
2546 2547
630 2129
253 254
1314 2813
1141 1142
847 848
330 1829
833 834
1205 2704
930 2429
816 817
984 985
1349 1350
291 1790
1191 1192
2414 2415
1015 1016
966 2465
35 36
186 187
994 995
1973 1974
311 312
728 729
1138 1139
705 2204
1263 2762
776 777
83 1582
980 981
519 520
1082 1083
2843 2844
863 2362
1227 2726
1128 2627
1019 2518
199 200
945 946
1161 1162
900 2399
789 790
2696 2697
2909 2910
1285 1286
325 326
11 1510
2594 2595
2300 2301
650 651
2306 2307
1481 2980
747 748
1170 2669
732 733
2435 2436
1007 2506
46 47
72 73
154 155
79 80
1256 2755
191 1690
1277 1278
1349 2848
162 1661
2555 2556
568 569
734 735
1028 2527
2609 2610
1454 2953
540 2039
399 400
740 2239
819 2318
1496 2995
12 13
206 1705
1365 1366
579 580
122 1621
779 780
432 433
1469 1470
1002 1003
992 993
965 966
2504 2505
442 443
429 1928
1607 1608
1115 2614
1219 1220
305 1804
108 1607
332 1831
412 413
736 737
2189 2190
2045 2046
2615 2616
644 2143
1485 2984
759 760
1498 1499
82 83
1565 1566
1790 1791
2930 2931
238 239
1088 2587
1393 1394
226 227
1415 2914
1097 1098
1107 2606
737 738
213 1712
1313 2812
641 2140
2399 2400
1116 2615
107 1606
1204 1205
1427 2926
2336 2337
1202 1203
1217 2716
368 369
2342 2343
528 2027
1438 1439
471 1970
960 961
874 875
1288 1289
836 837
111 112
2330 2331
691 692
312 313
1094 2593
1304 2803
192 193
989 990
664 665
671 2170
4 5
706 707
1134 1135
1218 2717
171 172
820 821
685 686
1043 1044
864 2363
972 973
423 1922
928 929
2699 2700
2618 2619
1598 1599
798 799
960 2459
3 4
1934 1935
317 318
1186 1187
389 1888
614 2113
1222 1223
1125 2624
329 330
254 255
645 646
984 2483
1181 1182
1931 1932
575 576
777 2276
2936 2937
741 742
1473 1474
382 383
257 1756
134 135
1763 1764
1769 1770
734 2233
746 2245
1494 2993
2165 2166
420 421
50 1549
211 212
1343 1344
1155 1156
1478 1479
1232 1233
627 2126
2789 2790
201 1700
368 1867
188 1687
1122 2621
1149 2648
608 609
1919 1920
843 844
1296 2795
2711 2712
707 708
648 2147
609 610
1307 1308
1290 2789
365 1864
857 2356
361 362
1259 2758
853 854
1394 1395
53 54
252 1751
2234 2235
380 381
1402 1403
2564 2565
2846 2847
1368 2867
938 2437
435 1934
2975 2976
15 1514
1106 1107
152 153
1082 2581
358 359
840 841
354 355
1468 1469
1083 2582
1595 1596
1031 1032
743 744
1230 1231
697 698
977 2476
2129 2130
924 2423
156 1655
1044 2543
930 931
948 2447
289 290
1589 1590
1294 1295
666 667
954 2453
1922 1923
1298 2797
940 941
1489 1490
1184 2683
1140 1141
1334 2833
711 712
1400 1401
1105 1106
486 1985
1061 1062
1062 1063
130 131
1362 2861
2093 2094
1142 1143
120 121
1004 2503
260 261
473 474
689 690
1360 1361
835 836
893 894
951 952
1007 1008
602 2101
1001 2500
642 643
2198 2199
1470 1471
1346 1347
2501 2502
851 2350
180 1679
25 26
577 578
443 444
222 1721
1811 1812
1326 1327
595 596
631 632
1208 1209
202 203
411 1910
668 2167
1077 1078
2339 2340
821 2320
388 389
1290 1291
395 396
1410 2909
2258 2259
1380 2879
1353 2852
1361 1362
183 1682
833 2332
1320 2819
560 2059
302 1801
438 439
2474 2475
1175 1176
815 816
243 244
1253 1254
2921 2922
2015 2016
14 1513
288 289
752 753
495 1994
1262 2761
1149 1150
1488 2987
54 1553
474 1973
1054 1055
456 457
2753 2754
679 680
1068 2567
265 266
680 2179
2732 2733
956 2455
422 423
1100 2599
444 445
1455 1456
582 2081
1187 1188
219 1718
200 1699
914 915
761 762
164 1663
879 2378
759 2258
153 154
98 99
1050 1051
19 20
74 75
719 2218
28 29
1198 1199
1715 1716
1052 2551
348 349
825 826
1447 1448
1988 1989
543 544
300 301
1158 2657
1319 1320
124 125
2156 2157
1076 2575
1442 2941
1297 1298
191 192
1640 1641
1267 1268
222 223
360 1859
1441 1442
2327 2328
2426 2427
529 530
1670 1671
1847 1848
53 1552
203 204
791 792
44 45
2144 2145
404 405
894 2393
1117 1118
89 1588
305 306
1145 1146
1369 1370
1259 1260
803 2302
687 2186
1345 1346
260 1759
2348 2349
995 2494
690 691
1151 2650
507 2006
2222 2223
302 303
851 852
2354 2355
1258 1259
105 1604
1145 2644
2387 2388
791 2290
1187 2686
14 15
729 730
446 447
1301 1302
2633 2634
22 23
2534 2535
545 2044
1949 1950
143 1642
2072 2073
350 351
2906 2907
400 401
444 1943
2876 2877
1091 1092
369 1868
528 529
1742 1743
1356 2855
2582 2583
2405 2406
449 1948
185 1684
458 459
1188 1189
1331 1332
1877 1878
6 7
2066 2067
596 597
1355 2854
432 1931
135 1634
1121 1122
342 343
2657 2658
264 1763
2714 2715
915 916
345 1844
1419 2918
2999 3000
522 2021
1205 1206
989 2488
926 2425
629 630
1381 1382
670 671
810 811
1269 1270
1046 2545
1116 1117
2549 2550
160 161
795 796
1176 2675
567 2066
1373 2872
707 2206
1136 2635
1433 2932
2177 2178
466 467
114 115
225 1724
170 1669
111 1610
2006 2007
489 490
462 1961
509 510
2981 2982
585 586
1251 2750
1494 1495
986 2485
610 611
686 2185
2000 2001
547 548
335 1834
2393 2394
419 420
708 2207
68 69
1398 1399
605 606
479 1978
1032 1033
530 531
149 150
674 675
1368 1369
2858 2859
717 718
1694 1695
721 722
1070 2569
383 384
899 2398
304 305
578 579
2366 2367
371 1870
1154 1155
1169 2668
434 435
344 345
888 889
2276 2277
1044 1045
588 589
579 2078
1167 2666
117 1616
1261 1262
1329 2828
183 184
463 464
295 296
373 374
1000 1001
249 1748
802 803
507 508
2459 2460
769 770
660 661
1465 1466
174 1673
413 1912
931 932
2321 2322
944 2443
677 2176
832 833
1411 1412
159 1658
66 67
1673 1674
246 247
686 687
217 218
2621 2622
841 842
190 191
2540 2541
2825 2826
26 1525
237 238
425 1924
227 228
137 1636
827 2326
771 2270
2210 2211
216 1715
1223 1224
923 924
596 2095
865 866
548 2047
848 849
1436 2935
32 1531
214 215
1129 1130
1482 2981
1376 2875
1164 2663
1985 1986
1279 1280
793 794
539 540
792 793
1787 1788
299 1798
194 1693
136 137
715 716
113 1612
205 206
1124 2623
775 776
126 127
247 248
48 49
1428 1429
445 446
1024 1025
1243 1244
797 798
887 888
116 117
2186 2187
811 812
523 524
821 822
866 867
1429 1430
788 789
275 1774
902 2401
337 338
91 92
1257 2756
637 638
2264 2265
12 1511
918 919
1156 1157
1060 1061
2192 2193
845 846
869 2368
605 2104
1125 1126
2759 2760
1089 1090
1163 1164
1910 1911
142 143
1739 1740
657 658
30 31
635 2134
1475 1476
787 788
1835 1836
859 860
272 273
532 533
390 391
560 561
1131 2630
2153 2154
1080 2579
668 669
1274 2773
639 2138
958 959
904 905
1067 2566
566 567
1353 1354
221 222
890 2389
1073 2572
2816 2817
1328 1329
60 1559
1868 1869
728 2227
1443 2942
1031 2530
1940 1941
418 419
460 461
1286 1287
209 210
452 453
887 2386
1460 1461
515 516
410 1909
2969 2970
1197 2696
2951 2952
258 1757
239 1738
2498 2499
611 612
1146 1147
2879 2880
1063 1064
1250 2749
439 440
723 724
716 717
1045 1046
776 2275
32 33
618 619
1488 1489
140 1639
1476 2975
2774 2775
771 772
101 102
885 886
386 1885
1245 2744
1467 1468
402 403
1325 1326
2291 2292
273 274
1046 1047
651 652
165 166
961 962
1325 2824
369 370
646 647
672 2171
1453 1454
1363 1364
690 2189
1103 1104
500 1999
230 1729
401 402
839 840
1718 1719
659 660
384 385
1127 2626
936 937
10 11
1479 2978
810 2309
284 285
1249 1250
43 44
750 751
570 2069
2372 2373
975 976
485 1984
917 2416
699 700
907 908
33 1532
1484 1485
1265 2764
1080 1081
2783 2784
650 2149
1004 1005
254 1753
575 2074
753 754
140 141
508 509
2528 2529
521 522
204 205
2558 2559
197 198
628 629
143 144
59 60
1184 1185
1150 1151
240 241
1098 1099
2462 2463
324 1823
830 2329
126 1625
1005 1006
2852 2853
683 684
1287 1288
606 2105
326 1825
1311 2810
493 494
2135 2136
783 784
413 414
1227 1228
27 28
379 380
905 2404
1532 1533
1014 2513
2987 2988
2402 2403
748 749
1979 1980
416 417
401 1900
1374 1375
2237 2238
2723 2724
633 634
1457 2956
2378 2379
1020 2519
84 85
359 360
2489 2490
1418 1419
503 2002
522 523
825 2324
1161 2660
255 256
1301 2800
282 1781
417 418
2381 2382
1092 1093
363 364
1239 1240
1943 1944
1047 1048
47 1546
1193 1194
780 2279
1273 1274
1378 1379
581 582
1003 1004
1733 1734
1238 2737
807 808
751 752
104 1603
822 823
100 101
429 430
1022 2521
297 298
1119 2618
1337 1338
1443 1444
189 1688
2957 2958
971 972
837 838
510 511
1865 1866
330 331
92 1591
440 1939
455 456
321 1820
929 930
1449 2948
703 704
341 342
977 978
1035 1036
911 2410
405 406
516 2015
1199 2698
2057 2058
1111 1112
880 881
1330 1331
1008 1009
842 843
654 655
252 253
2579 2580
1760 1761
481 482
681 2180
1215 1216
632 2131
1233 1234
1826 1827
282 283
55 56
224 1723
1338 1339
875 876
2585 2586
531 2030
1062 2561
20 1519
702 703
623 624
729 2228
121 122
1232 2731
593 594
2720 2721
720 721
1289 2788
871 872
803 804
1113 2612
1421 2920
666 2165
1434 1435
1448 2947
804 2303
2903 2904
225 226
1328 2827
1112 1113
831 2330
2888 2889
2927 2928
948 949
269 270
621 2120
1079 2578
86 1585
534 535
2477 2478
1419 1420
1379 2878
785 2284
1415 1416
129 1628
1235 2734
1164 1165
912 2411
71 72
551 2050
665 2164
1466 2965
1036 1037
9 1508
1137 1138
741 2240
517 518
1079 1080
923 2422
1332 2831
375 1874
953 2452
333 334
513 2012
56 1555
683 2182
983 984
2768 2769
587 2086
883 884
1303 1304
1335 1336
453 1952
2081 2082
1500 1
990 991
2561 2562
856 857
347 1846
2600 2601
1400 2899
1217 1218
1188 2687
95 1594
768 2267
1274 1275
1337 2836
1114 1115
2492 2493
1394 2893
353 1852
1034 1035
5 1504
1315 1316
881 882
1445 1446
1329 1330
1784 1785
1239 2738
813 2312
2480 2481
1278 2777
2642 2643
180 181
1667 1668
2798 2799
882 883
1157 2656
119 1618
1421 1422
1211 1212
2795 2796
669 670
29 30
2 3
440 441
1234 1235
1309 1310
1213 1214
718 719
725 726
612 2111
1916 1917
2021 2022
1348 1349
215 1714
620 2119
387 1886
269 1768
2522 2523
1057 1058
288 1787
120 1619
653 654
1175 2674
978 2477
147 148
87 88
662 2161
383 1882
2228 2229
476 1975
1214 2713
875 2374
1264 1265
2792 2793
139 140
950 2449
929 2428
2183 2184
652 653
1967 1968
60 61
1703 1704
2027 2028
643 644
488 489
258 259
18 1517
636 637
332 333
112 113
1025 1026
95 96
1169 1170
1196 2695
1470 2969
2831 2832
988 989
315 316
973 974
944 945
2924 2925
303 304
68 1567
1937 1938
1272 1273
456 1955
1700 1701
1333 1334
1327 1328
1245 1246
1310 1311
318 1817
2771 2772
1497 2996
2630 2631
2051 2052
863 864
1312 1313
1958 1959
1491 2990
2726 2727
663 2162
1541 1542
1808 1809
1140 2639
181 182
18 19
1772 1773
1562 1563
964 965
2945 2946
1302 2801
744 745
151 152
66 1565
640 641
127 128
1407 2906
952 953
1220 1221
1086 2585
1221 2720
264 265
1078 1079
251 1750
411 412
1898 1899
2240 2241
1081 1082
762 2261
2102 2103
61 62
285 1784
21 1520
693 694
433 434
1625 1626
1040 1041
514 515
188 189
1664 1665
861 2360
953 954
321 322
2132 2133
957 958
287 1786
1029 2528
818 819
561 2060
516 517
552 553
96 97
378 1877
324 325
1416 1417
1071 1072
663 664
101 1600
146 1645
733 734
2180 2181
1171 1172
632 633
695 2194
644 645
949 950
2360 2361
178 179
317 1816
1482 1483
860 861
1108 1109
645 2144
968 969
110 111
692 2191
2207 2208
355 356
350 1849
622 623
1622 1623
562 563
813 814
536 537
1487 2986
1412 2911
2894 2895
390 1889
1147 1148
396 1895
1056 2555
641 642
903 904
216 217
1260 2759
1323 2822
281 1780
426 1925
213 214
1137 2636
1224 2723
490 491
773 774
661 662
1751 1752
491 1990
125 126
1295 1296
518 519
618 2117
1437 1438
2174 2175
1387 1388
1215 2714
189 190
2960 2961
1151 1152
1386 2885
153 1652
626 2125
36 1535
450 451
655 656
1034 2533
518 2017
1110 2609
1107 1108
1556 1557
1889 1890
597 2096
1133 1134
615 2114
1256 1257
232 233
1439 2938
306 1805
1257 1258
768 769
740 741
474 475
1026 1027
128 129
215 216
2030 2031
80 1579
843 2342
1850 1851
563 2062
578 2077
506 507
167 1666
1203 2702
1961 1962
2861 2862
925 926
2531 2532
1460 2959
750 2249
453 454
1220 2719
370 371
313 314
36 37
616 617
1240 1241
1074 1075
540 541
546 2045
563 564
1613 1614
448 449
2087 2088
615 616
237 1736
1336 1337
274 275
2573 2574
674 2173
1236 1237
261 262
2810 2811
318 319
15 16
965 2464
687 688
1254 2753
2 1501
544 545
1282 1283
2171 2172
1283 2782
1347 2846
248 1747
2036 2037
107 108
246 1745
241 242
2396 2397
1197 1198
1499 1500
284 1783
402 1901
1311 1312
90 1589
1464 2963
920 2419
864 865
1616 1617
1305 2804
1070 1071
150 151
173 1672
1173 2672
846 2345
300 1799
1041 2540
702 2201
1685 1686
381 1880
1225 1226
990 2489
1339 1340
2411 2412
504 2003
1308 1309
1346 2845
2990 2991
290 291
513 514
844 845
1434 2933
784 785
867 2366
1375 1376
177 1676
1013 2512
1002 2501
78 79
2009 2010
889 890
327 328
1157 1158
113 114
2483 2484
2627 2628
93 1592
1317 2816
749 750
1095 2594
1442 1443
2543 2544
2891 2892
256 257
1236 2735
1964 1965
947 948
488 1987
367 368
919 920
1053 1054
1005 2504
279 280
2216 2217
1571 1572
1399 1400
74 1573
2750 2751
1115 1116
520 521
1514 1515
1436 1437
259 260
349 350
176 177
86 87
1304 1305
1185 1186
1892 1893
1266 2765
584 2083
351 1850
1344 2843
58 59
166 167
1412 1413
1284 2783
770 2269
509 2008
956 957
1901 1902
338 1837
1291 1292
2636 2637
542 2041
905 906
75 76
399 1898
2741 2742
483 484
572 573
862 863
2243 2244
2639 2640
1413 1414
2453 2454
278 1777
763 764
1023 1024
658 659
1271 1272
1547 1548
1231 1232
1152 2651
999 2498
924 925
283 284
636 2135
1096 1097
278 279
742 743
171 1670
892 893
1292 1293
698 2197
1089 2588
138 139
1982 1983
1799 1800
1318 1319
1139 2638
2255 2256
1904 1905
899 900
601 602
2303 2304
495 496
57 1556
1242 1243
837 2336
108 109
1403 2902
1754 1755
1101 1102
1574 1575
1392 1393
323 324
141 1640
437 438
1347 1348
389 390
1414 1415
1178 1179
870 2369
228 229
1706 1707
722 2221
1238 1239
132 133
934 935
498 1997
1020 1021
1357 1358
2963 2964
698 699
1350 1351
834 2333
705 706
752 2251
735 2234
1535 1536
1379 1380
1592 1593
1322 2821
774 2273
1182 2681
1487 1488
387 388
680 681
589 590
116 1615
316 317
81 1580
556 557
982 983
497 1996
408 409
1778 1779
2279 2280
277 278
103 104
1088 1089
99 100
1093 1094
57 58
1148 2647
1050 2549
1248 2747
1991 1992
1409 1410
933 934
580 581
822 2321
1385 1386
131 1630
1418 2917
1332 1333
2252 2253
1218 1219
1423 1424
1952 1953
1275 1276
695 696
243 1742
557 2056
954 955
347 348
1113 1114
764 765
470 471
993 994
980 2479
1364 2863
1086 1087
700 701
852 853
541 542
1388 2887
2486 2487
2576 2577
746 747
1100 1101
2423 2424
823 824
552 2051
827 828
1085 1086
1367 2866
1316 1317
1210 1211
2105 2106
576 577
1637 1638
421 422
1440 1441
122 123
981 982
1019 1020
738 739
1359 2858
1194 2693
908 909
2012 2013
744 2243
1011 2510
1065 1066
2624 2625
257 258
1497 1498
80 81
1646 1647
1172 2671
1120 1121
35 1534
169 170
415 416
1128 1129
1084 1085
2855 2856
145 146
1083 1084
882 2381
377 1876
909 2408
970 971
1473 2972
709 710
1490 2989
461 1960
1118 1119
2684 2685
2369 2370
54 55
723 2222
275 276
468 1967
712 713
357 1856
62 63
524 525
123 1622
144 1643
623 2122
1058 2557
1358 1359
972 2471
469 470
2267 2268
40 41
886 887
986 987
1736 1737
240 1739
164 165
809 810
338 339
2345 2346
2708 2709
1416 2915
1410 1411
2201 2202
417 1916
168 169
745 746
381 382
543 2042
755 2254
624 2123
726 727
1223 2722
1167 1168
716 2215
396 397
2819 2820
62 1561
1474 1475
3 1502
1183 1184
585 2084
1350 2849
753 2252
70 71
87 1586
971 2470
555 556
647 2146
932 2431
672 673
788 2287
487 488
23 1522
348 1847
327 1826
1012 1013
420 1919
397 398
505 506
619 620
1428 2927
2408 2409
344 1843
184 185
2231 2232
1252 1253
1049 1050
1420 1421
828 829
1075 1076
1431 2930
804 805
1153 1154
1287 2786
1121 2620
1486 1487
756 2255
800 2299
611 2110
557 558
794 795
572 2071
1271 2770
708 709
1493 2992
1101 2600
600 2099
877 878
231 1730
996 2495
798 2297
2114 2115
732 2231
614 615
212 1711
262 263
492 493
868 869
584 585
359 1858
2507 2508
1475 2974
491 492
293 1792
701 702
270 1769
1340 1341
372 373
64 65
1298 1299
519 2018
2288 2289
473 1972
1306 1307
857 858
737 2236
1087 1088
2744 2745
2294 2295
1085 2584
200 201
647 648
1485 1486
207 208
398 1897
1604 1605
675 2174
2456 2457
484 485
1385 2884
2510 2511
2003 2004
1435 1436
331 332
2297 2298
959 960
2984 2985
446 1945
1430 2929
37 38
713 2212
2309 2310
1362 1363
582 583
1202 2701
206 207
1422 1423
819 820
996 997
612 613
762 763
884 885
1405 1406
209 1708
1829 1830
805 806
588 2087
1212 2711
1039 1040
1263 1264
1069 1070
1170 1171
1142 2641
1631 1632
1383 1384
834 835
921 2420
1382 1383
73 74
714 715
385 386
1265 1266
1724 1725
1383 2882
1042 1043
1526 1527
1160 1161
2780 2781
93 94
1143 1144
2246 2247
449 450
307 308
2867 2868
659 2158
842 2341
1425 1426
2249 2250
629 2128
902 903
1241 2740
955 956
1586 1587
554 555
1472 1473
426 427
1029 1030
2162 2163
403 404
858 859
1376 1377
376 377
1176 1177
435 436
593 2092
932 933
1010 2509
75 1574
427 428
533 2032
170 171
1305 1306
1190 2689
878 879
1568 1569
731 732
1577 1578
1092 2591
772 773
315 1814
1038 1039
2375 2376
608 2107
351 352
779 2278
2849 2850
780 781
436 437
394 395
174 175
699 2198
1452 1453
1976 1977
198 199
2552 2553
939 940
492 1991
849 2348
1254 1255
2324 2325
1458 2957
292 293
1037 1038
1338 2837
535 536
250 251
858 2357
2117 2118
157 158
2084 2085
499 500
756 757
613 614
1517 1518
914 2413
947 2446
336 1835
897 2396
1583 1584
551 552
773 2272
168 1667
135 136
891 2390
31 32
41 1540
1388 1389
314 1813
482 1981
891 892
155 1654
356 357
2390 2391
323 1822
1179 2678
2993 2994
78 1577
1064 1065
1278 1279
125 1624
678 679
1143 2642
409 410
1166 2665
675 676
730 731
204 1703
146 147
319 320
320 321
163 164
272 1771
378 379
692 693
1033 1034
617 618
2681 2682
765 766
879 880
296 1795
1118 2617
621 622
357 358
1820 1821
2519 2520
2717 2718
141 142
1448 1449
634 635
806 2305
242 243
196 197
942 2441
1391 2890
51 1550
1040 2539
992 2491
581 2080
2885 2886
1550 1551
1859 1860
335 336
1401 2900
428 1927
2828 2829
1025 2524
98 1597
801 802
848 2347
173 174
1335 2834
962 2461
1166 1167
1056 1057
696 2195
1817 1818
364 365
941 2440
29 1528
826 827
854 855
570 571
1479 1480
1601 1602
993 2492
102 103
1162 1163
765 2264
783 2282
2126 2127
1026 2525
1136 1137
814 815
757 758
1709 1710
1395 2894
735 736
1095 1096
2822 2823
1326 2825
30 1529
945 2444
1228 1229
2651 2652
2048 2049
148 149
1331 2830
963 964
1159 1160
1055 1056
1523 1524
314 315
530 2029
2864 2865
345 346
510 2009
106 107
230 231
1099 1100
176 1675
33 34
1377 1378
486 487
21 22
220 221
158 1657
1373 1374
207 1706
6 1505
1354 1355
1377 2876
694 695
1269 2768
648 649
1413 2912
1841 1842
438 1937
1472 2971
500 501
1293 2792
1038 2537
927 2426
223 224
1206 2705
374 1873
2801 2802
571 572
1277 2776
273 1772
144 145
431 432
1477 1478
109 110
1193 2692
1058 1059
467 468
2666 2667
1180 1181
758 2257
1844 1845
1538 1539
1248 1249
150 1649
653 2152
1505 1506
888 2387
1174 1175
210 1709
65 1564
156 157
1355 1356
1382 2881
494 495
2591 2592
872 873
1158 1159
1883 1884
1179 1180
978 979
704 705
179 180
558 2057
1206 1207
1366 1367
1196 1197
569 2068
1955 1956
867 868
782 2281
291 292
1194 1195
569 570
638 2137
795 2294
710 711
1139 1140
1374 2873
861 862
767 768
405 1904
441 1940
872 2371
2465 2466
1247 2746
2312 2313
774 775
2429 2430
1458 1459
849 850
447 448
1074 2573
2204 2205
2075 2076
1014 1015
482 483
186 1685
224 225
1994 1995
812 2311
916 917
1172 1173
1691 1692
118 119
546 547
726 2225
261 1760
903 2402
1178 2677
1463 2962
1628 1629
354 1853
2315 2316
860 2359
406 407
828 2327
696 697
457 458
1371 1372
1109 1110
2213 2214
764 2263
1144 1145
1023 2522
1182 1183
719 720
1177 1178
2384 2385
298 299
656 657
1358 2857
2033 2034
2357 2358
684 685
391 392
464 1963
475 476
1341 2840
969 970
2495 2496
794 2293
1266 1267
1154 2653
1207 1208
1425 2924
796 797
24 25
161 1660
1119 1120
69 1568
480 1979
626 627
590 591
1409 2908
263 1762
1055 2554
1913 1914
606 607
