900 800 1000
0 0
899 799
430 388
430 389
430 390
430 391
430 392
430 393
430 394
430 395
430 396
430 397
430 398
430 399
430 400
430 401
430 402
430 403
430 404
430 405
430 406
430 407
430 408
430 409
430 410
430 411
430 412
431 388
431 389
431 390
431 391
431 392
431 393
431 394
431 395
431 396
431 397
431 398
431 399
431 400
431 401
431 402
431 403
431 404
431 405
431 406
431 407
431 408
431 409
431 410
431 411
431 412
432 388
432 389
432 390
432 391
432 392
432 393
432 394
432 395
432 396
432 397
432 398
432 399
432 400
432 401
432 402
432 403
432 404
432 405
432 406
432 407
432 408
432 409
432 410
432 411
432 412
433 388
433 389
433 390
433 391
433 392
433 393
433 394
433 395
433 396
433 397
433 398
433 399
433 400
433 401
433 402
433 403
433 404
433 405
433 406
433 407
433 408
433 409
433 410
433 411
433 412
434 388
434 389
434 390
434 391
434 392
434 393
434 394
434 395
434 396
434 397
434 398
434 399
434 400
434 401
434 402
434 403
434 404
434 405
434 406
434 407
434 408
434 409
434 410
434 411
434 412
435 388
435 389
435 390
435 391
435 392
435 393
435 394
435 395
435 396
435 397
435 398
435 399
435 400
435 401
435 402
435 403
435 404
435 405
435 406
435 407
435 408
435 409
435 410
435 411
435 412
436 388
436 389
436 390
436 391
436 392
436 393
436 394
436 395
436 396
436 397
436 398
436 399
436 400
436 401
436 402
436 403
436 404
436 405
436 406
436 407
436 408
436 409
436 410
436 411
436 412
437 388
437 389
437 390
437 391
437 392
437 393
437 394
437 395
437 396
437 397
437 398
437 399
437 400
437 401
437 402
437 403
437 404
437 405
437 406
437 407
437 408
437 409
437 410
437 411
437 412
438 388
438 389
438 390
438 391
438 392
438 393
438 394
438 395
438 396
438 397
438 398
438 399
438 400
438 401
438 402
438 403
438 404
438 405
438 406
438 407
438 408
438 409
438 410
438 411
438 412
439 388
439 389
439 390
439 391
439 392
439 393
439 394
439 395
439 396
439 397
439 398
439 399
439 400
439 401
439 402
439 403
439 404
439 405
439 406
439 407
439 408
439 409
439 410
439 411
439 412
440 388
440 389
440 390
440 391
440 392
440 393
440 394
440 395
440 396
440 397
440 398
440 399
440 400
440 401
440 402
440 403
440 404
440 405
440 406
440 407
440 408
440 409
440 410
440 411
440 412
441 388
441 389
441 390
441 391
441 392
441 393
441 394
441 395
441 396
441 397
441 398
441 399
441 400
441 401
441 402
441 403
441 404
441 405
441 406
441 407
441 408
441 409
441 410
441 411
441 412
442 388
442 389
442 390
442 391
442 392
442 393
442 394
442 395
442 396
442 397
442 398
442 399
442 400
442 401
442 402
442 403
442 404
442 405
442 406
442 407
442 408
442 409
442 410
442 411
442 412
443 388
443 389
443 390
443 391
443 392
443 393
443 394
443 395
443 396
443 397
443 398
443 399
443 400
443 401
443 402
443 403
443 404
443 405
443 406
443 407
443 408
443 409
443 410
443 411
443 412
444 388
444 389
444 390
444 391
444 392
444 393
444 394
444 395
444 396
444 397
444 398
444 399
444 400
444 401
444 402
444 403
444 404
444 405
444 406
444 407
444 408
444 409
444 410
444 411
444 412
445 388
445 389
445 390
445 391
445 392
445 393
445 394
445 395
445 396
445 397
445 398
445 399
445 400
445 401
445 402
445 403
445 404
445 405
445 406
445 407
445 408
445 409
445 410
445 411
445 412
446 388
446 389
446 390
446 391
446 392
446 393
446 394
446 395
446 396
446 397
446 398
446 399
446 400
446 401
446 402
446 403
446 404
446 405
446 406
446 407
446 408
446 409
446 410
446 411
446 412
447 388
447 389
447 390
447 391
447 392
447 393
447 394
447 395
447 396
447 397
447 398
447 399
447 400
447 401
447 402
447 403
447 404
447 405
447 406
447 407
447 408
447 409
447 410
447 411
447 412
448 388
448 389
448 390
448 391
448 392
448 393
448 394
448 395
448 396
448 397
448 398
448 399
448 400
448 401
448 402
448 403
448 404
448 405
448 406
448 407
448 408
448 409
448 410
448 411
448 412
449 388
449 389
449 390
449 391
449 392
449 393
449 394
449 395
449 396
449 397
449 398
449 399
449 400
449 401
449 402
449 403
449 404
449 405
449 406
449 407
449 408
449 409
449 410
449 411
449 412
450 388
450 389
450 390
450 391
450 392
450 393
450 394
450 395
450 396
450 397
450 398
450 399
450 400
450 401
450 402
450 403
450 404
450 405
450 406
450 407
450 408
450 409
450 410
450 411
450 412
451 388
451 389
451 390
451 391
451 392
451 393
451 394
451 395
451 396
451 397
451 398
451 399
451 400
451 401
451 402
451 403
451 404
451 405
451 406
451 407
451 408
451 409
451 410
451 411
451 412
452 388
452 389
452 390
452 391
452 392
452 393
452 394
452 395
452 396
452 397
452 398
452 399
452 400
452 401
452 402
452 403
452 404
452 405
452 406
452 407
452 408
452 409
452 410
452 411
452 412
453 388
453 389
453 390
453 391
453 392
453 393
453 394
453 395
453 396
453 397
453 398
453 399
453 400
453 401
453 402
453 403
453 404
453 405
453 406
453 407
453 408
453 409
453 410
453 411
453 412
454 388
454 389
454 390
454 391
454 392
454 393
454 394
454 395
454 396
454 397
454 398
454 399
454 400
454 401
454 402
454 403
454 404
454 405
454 406
454 407
454 408
454 409
454 410
454 411
454 412
455 388
455 389
455 390
455 391
455 392
455 393
455 394
455 395
455 396
455 397
455 398
455 399
455 400
455 401
455 402
455 403
455 404
455 405
455 406
455 407
455 408
455 409
455 410
455 411
455 412
456 388
456 389
456 390
456 391
456 392
456 393
456 394
456 395
456 396
456 397
456 398
456 399
456 400
456 401
456 402
456 403
456 404
456 405
456 406
456 407
456 408
456 409
456 410
456 411
456 412
457 388
457 389
457 390
457 391
457 392
457 393
457 394
457 395
457 396
457 397
457 398
457 399
457 400
457 401
457 402
457 403
457 404
457 405
457 406
457 407
457 408
457 409
457 410
457 411
457 412
458 388
458 389
458 390
458 391
458 392
458 393
458 394
458 395
458 396
458 397
458 398
458 399
458 400
458 401
458 402
458 403
458 404
458 405
458 406
458 407
458 408
458 409
458 410
458 411
458 412
459 388
459 389
459 390
459 391
459 392
459 393
459 394
459 395
459 396
459 397
459 398
459 399
459 400
459 401
459 402
459 403
459 404
459 405
459 406
459 407
459 408
459 409
459 410
459 411
459 412
460 388
460 389
460 390
460 391
460 392
460 393
460 394
460 395
460 396
460 397
460 398
460 399
460 400
460 401
460 402
460 403
460 404
460 405
460 406
460 407
460 408
460 409
460 410
460 411
460 412
461 388
461 389
461 390
461 391
461 392
461 393
461 394
461 395
461 396
461 397
461 398
461 399
461 400
461 401
461 402
461 403
461 404
461 405
461 406
461 407
461 408
461 409
461 410
461 411
461 412
462 388
462 389
462 390
462 391
462 392
462 393
462 394
462 395
462 396
462 397
462 398
462 399
462 400
462 401
462 402
462 403
462 404
462 405
462 406
462 407
462 408
462 409
462 410
462 411
462 412
463 388
463 389
463 390
463 391
463 392
463 393
463 394
463 395
463 396
463 397
463 398
463 399
463 400
463 401
463 402
463 403
463 404
463 405
463 406
463 407
463 408
463 409
463 410
463 411
463 412
464 388
464 389
464 390
464 391
464 392
464 393
464 394
464 395
464 396
464 397
464 398
464 399
464 400
464 401
464 402
464 403
464 404
464 405
464 406
464 407
464 408
464 409
464 410
464 411
464 412
465 388
465 389
465 390
465 391
465 392
465 393
465 394
465 395
465 396
465 397
465 398
465 399
465 400
465 401
465 402
465 403
465 404
465 405
465 406
465 407
465 408
465 409
465 410
465 411
465 412
466 388
466 389
466 390
466 391
466 392
466 393
466 394
466 395
466 396
466 397
466 398
466 399
466 400
466 401
466 402
466 403
466 404
466 405
466 406
466 407
466 408
466 409
466 410
466 411
466 412
467 388
467 389
467 390
467 391
467 392
467 393
467 394
467 395
467 396
467 397
467 398
467 399
467 400
467 401
467 402
467 403
467 404
467 405
467 406
467 407
467 408
467 409
467 410
467 411
467 412
468 388
468 389
468 390
468 391
468 392
468 393
468 394
468 395
468 396
468 397
468 398
468 399
468 400
468 401
468 402
468 403
468 404
468 405
468 406
468 407
468 408
468 409
468 410
468 411
468 412
469 388
469 389
469 390
469 391
469 392
469 393
469 394
469 395
469 396
469 397
469 398
469 399
469 400
469 401
469 402
469 403
469 404
469 405
469 406
469 407
469 408
469 409
469 410
469 411
469 412
