1000 1000 1000
1 1
998 998
500 0
500 419
500 838
500 999
475 605
475 606
475 607
475 608
475 609
475 610
475 611
475 612
475 613
475 614
475 615
475 616
475 617
475 618
475 619
475 620
475 621
475 622
475 623
475 624
475 625
475 626
475 627
475 628
475 629
475 630
475 631
475 632
475 633
475 634
475 635
475 636
475 637
475 638
475 639
475 640
475 641
475 642
475 643
475 644
475 645
475 646
475 647
475 648
475 649
475 650
475 651
475 652
475 653
475 654
476 605
476 606
476 607
476 608
476 609
476 610
476 611
476 612
476 613
476 614
476 615
476 616
476 617
476 618
476 619
476 620
476 621
476 622
476 623
476 624
476 625
476 626
476 627
476 628
476 629
476 630
476 631
476 632
476 633
476 634
476 635
476 636
476 637
476 638
476 639
476 640
476 641
476 642
476 643
476 644
476 645
476 646
476 647
476 648
476 649
476 650
476 651
476 652
476 653
476 654
477 605
477 606
477 607
477 608
477 609
477 610
477 611
477 612
477 613
477 614
477 615
477 616
477 617
477 618
477 619
477 620
477 621
477 622
477 623
477 624
477 625
477 626
477 627
477 628
477 629
477 630
477 631
477 632
477 633
477 634
477 635
477 636
477 637
477 638
477 639
477 640
477 641
477 642
477 643
477 644
477 645
477 646
477 647
477 648
477 649
477 650
477 651
477 652
477 653
477 654
478 605
478 606
478 607
478 608
478 609
478 610
478 611
478 612
478 613
478 614
478 615
478 616
478 617
478 618
478 619
478 620
478 621
478 622
478 623
478 624
478 625
478 626
478 627
478 628
478 629
478 630
478 631
478 632
478 633
478 634
478 635
478 636
478 637
478 638
478 639
478 640
478 641
478 642
478 643
478 644
478 645
478 646
478 647
478 648
478 649
478 650
478 651
478 652
478 653
478 654
479 605
479 606
479 607
479 608
479 609
479 610
479 611
479 612
479 613
479 614
479 615
479 616
479 617
479 618
479 619
479 620
479 621
479 622
479 623
479 624
479 625
479 626
479 627
479 628
479 629
479 630
479 631
479 632
479 633
479 634
479 635
479 636
479 637
479 638
479 639
479 640
479 641
479 642
479 643
479 644
479 645
479 646
479 647
479 648
479 649
479 650
479 651
479 652
479 653
479 654
480 605
480 606
480 607
480 608
480 609
480 610
480 611
480 612
480 613
480 614
480 615
480 616
480 617
480 618
480 619
480 620
480 621
480 622
480 623
480 624
480 625
480 626
480 627
480 628
480 629
480 630
480 631
480 632
480 633
480 634
480 635
480 636
480 637
480 638
480 639
480 640
480 641
480 642
480 643
480 644
480 645
480 646
480 647
480 648
480 649
480 650
480 651
480 652
480 653
480 654
481 605
481 606
481 607
481 608
481 609
481 610
481 611
481 612
481 613
481 614
481 615
481 616
481 617
481 618
481 619
481 620
481 621
481 622
481 623
481 624
481 625
481 626
481 627
481 628
481 629
481 630
481 631
481 632
481 633
481 634
481 635
481 636
481 637
481 638
481 639
481 640
481 641
481 642
481 643
481 644
481 645
481 646
481 647
481 648
481 649
481 650
481 651
481 652
481 653
481 654
482 605
482 606
482 607
482 608
482 609
482 610
482 611
482 612
482 613
482 614
482 615
482 616
482 617
482 618
482 619
482 620
482 621
482 622
482 623
482 624
482 625
482 626
482 627
482 628
482 629
482 630
482 631
482 632
482 633
482 634
482 635
482 636
482 637
482 638
482 639
482 640
482 641
482 642
482 643
482 644
482 645
482 646
482 647
482 648
482 649
482 650
482 651
482 652
482 653
482 654
483 605
483 606
483 607
483 608
483 609
483 610
483 611
483 612
483 613
483 614
483 615
483 616
483 617
483 618
483 619
483 620
483 621
483 622
483 623
483 624
483 625
483 626
483 627
483 628
483 629
483 630
483 631
483 632
483 633
483 634
483 635
483 636
483 637
483 638
483 639
483 640
483 641
483 642
483 643
483 644
483 645
483 646
483 647
483 648
483 649
483 650
483 651
483 652
483 653
483 654
484 605
484 606
484 607
484 608
484 609
484 610
484 611
484 612
484 613
484 614
484 615
484 616
484 617
484 618
484 619
484 620
484 621
484 622
484 623
484 624
484 625
484 626
484 627
484 628
484 629
484 630
484 631
484 632
484 633
484 634
484 635
484 636
484 637
484 638
484 639
484 640
484 641
484 642
484 643
484 644
484 645
484 646
484 647
484 648
484 649
484 650
484 651
484 652
484 653
484 654
485 605
485 606
485 607
485 608
485 609
485 610
485 611
485 612
485 613
485 614
485 615
485 616
485 617
485 618
485 619
485 620
485 621
485 622
485 623
485 624
485 625
485 626
485 627
485 628
485 629
485 630
485 631
485 632
485 633
485 634
485 635
485 636
485 637
485 638
485 639
485 640
485 641
485 642
485 643
485 644
485 645
485 646
485 647
485 648
485 649
485 650
485 651
485 652
485 653
485 654
486 605
486 606
486 607
486 608
486 609
486 610
486 611
486 612
486 613
486 614
486 615
486 616
486 617
486 618
486 619
486 620
486 621
486 622
486 623
486 624
486 625
486 626
486 627
486 628
486 629
486 630
486 631
486 632
486 633
486 634
486 635
486 636
486 637
486 638
486 639
486 640
486 641
486 642
486 643
486 644
486 645
486 646
486 647
486 648
486 649
486 650
486 651
486 652
486 653
486 654
487 605
487 606
487 607
487 608
487 609
487 610
487 611
487 612
487 613
487 614
487 615
487 616
487 617
487 618
487 619
487 620
487 621
487 622
487 623
487 624
487 625
487 626
487 627
487 628
487 629
487 630
487 631
487 632
487 633
487 634
487 635
487 636
487 637
487 638
487 639
487 640
487 641
487 642
487 643
487 644
487 645
487 646
487 647
487 648
487 649
487 650
487 651
487 652
487 653
487 654
488 605
488 606
488 607
488 608
488 609
488 610
488 611
488 612
488 613
488 614
488 615
488 616
488 617
488 618
488 619
488 620
488 621
488 622
488 623
488 624
488 625
488 626
488 627
488 628
488 629
488 630
488 631
488 632
488 633
488 634
488 635
488 636
488 637
488 638
488 639
488 640
488 641
488 642
488 643
488 644
488 645
488 646
488 647
488 648
488 649
488 650
488 651
488 652
488 653
488 654
489 605
489 606
489 607
489 608
489 609
489 610
489 611
489 612
489 613
489 614
489 615
489 616
489 617
489 618
489 619
489 620
489 621
489 622
489 623
489 624
489 625
489 626
489 627
489 628
489 629
489 630
489 631
489 632
489 633
489 634
489 635
489 636
489 637
489 638
489 639
489 640
489 641
489 642
489 643
489 644
489 645
489 646
489 647
489 648
489 649
489 650
489 651
489 652
489 653
489 654
490 605
490 606
490 607
490 608
490 609
490 610
490 611
490 612
490 613
490 614
490 615
490 616
490 617
490 618
490 619
490 620
490 621
490 622
490 623
490 624
490 625
490 626
490 627
490 628
490 629
490 630
490 631
490 632
490 633
490 634
490 635
490 636
490 637
490 638
490 639
490 640
490 641
490 642
490 643
490 644
490 645
490 646
490 647
490 648
490 649
490 650
490 651
490 652
490 653
490 654
491 605
491 606
491 607
491 608
491 609
491 610
491 611
491 612
491 613
491 614
491 615
491 616
491 617
491 618
491 619
491 620
491 621
491 622
491 623
491 624
491 625
491 626
491 627
491 628
491 629
491 630
491 631
491 632
491 633
491 634
491 635
491 636
491 637
491 638
491 639
491 640
491 641
491 642
491 643
491 644
491 645
491 646
491 647
491 648
491 649
491 650
491 651
491 652
491 653
491 654
492 605
492 606
492 607
492 608
492 609
492 610
492 611
492 612
492 613
492 614
492 615
492 616
492 617
492 618
492 619
492 620
492 621
492 622
492 623
492 624
492 625
492 626
492 627
492 628
492 629
492 630
492 631
492 632
492 633
492 634
492 635
492 636
492 637
492 638
492 639
492 640
492 641
492 642
492 643
492 644
492 645
492 646
492 647
492 648
492 649
492 650
492 651
492 652
492 653
492 654
493 605
493 606
493 607
493 608
493 609
493 610
493 611
493 612
493 613
493 614
493 615
493 616
493 617
493 618
493 619
493 620
493 621
493 622
493 623
493 624
493 625
493 626
493 627
493 628
493 629
493 630
493 631
493 632
493 633
493 634
493 635
493 636
493 637
493 638
493 639
493 640
493 641
493 642
493 643
493 644
493 645
493 646
493 647
493 648
493 649
493 650
493 651
493 652
493 653
493 654
494 605
494 606
494 607
494 608
494 609
494 610
494 611
494 612
494 613
494 614
494 615
494 616
494 617
494 618
494 619
494 620
494 621
494 622
494 623
494 624
494 625
494 626
494 627
494 628
494 629
494 630
494 631
494 632
494 633
494 634
494 635
494 636
494 637
494 638
494 639
494 640
494 641
494 642
494 643
494 644
494 645
494 646
494 647
494 648
494 649
494 650
