1000 920 1000
1 1
998 918
500 0
500 459
500 918
500 919
475 575
475 576
475 577
475 578
475 579
475 580
475 581
475 582
475 583
475 584
475 585
475 586
475 587
475 588
475 589
475 590
475 591
475 592
475 593
475 594
475 595
475 596
475 597
475 598
475 599
475 600
475 601
475 602
475 603
475 604
475 605
475 606
475 607
475 608
475 609
475 610
475 611
475 612
475 613
475 614
475 615
475 616
475 617
475 618
475 619
475 620
475 621
475 622
475 623
475 624
476 575
476 576
476 577
476 578
476 579
476 580
476 581
476 582
476 583
476 584
476 585
476 586
476 587
476 588
476 589
476 590
476 591
476 592
476 593
476 594
476 595
476 596
476 597
476 598
476 599
476 600
476 601
476 602
476 603
476 604
476 605
476 606
476 607
476 608
476 609
476 610
476 611
476 612
476 613
476 614
476 615
476 616
476 617
476 618
476 619
476 620
476 621
476 622
476 623
476 624
477 575
477 576
477 577
477 578
477 579
477 580
477 581
477 582
477 583
477 584
477 585
477 586
477 587
477 588
477 589
477 590
477 591
477 592
477 593
477 594
477 595
477 596
477 597
477 598
477 599
477 600
477 601
477 602
477 603
477 604
477 605
477 606
477 607
477 608
477 609
477 610
477 611
477 612
477 613
477 614
477 615
477 616
477 617
477 618
477 619
477 620
477 621
477 622
477 623
477 624
478 575
478 576
478 577
478 578
478 579
478 580
478 581
478 582
478 583
478 584
478 585
478 586
478 587
478 588
478 589
478 590
478 591
478 592
478 593
478 594
478 595
478 596
478 597
478 598
478 599
478 600
478 601
478 602
478 603
478 604
478 605
478 606
478 607
478 608
478 609
478 610
478 611
478 612
478 613
478 614
478 615
478 616
478 617
478 618
478 619
478 620
478 621
478 622
478 623
478 624
479 575
479 576
479 577
479 578
479 579
479 580
479 581
479 582
479 583
479 584
479 585
479 586
479 587
479 588
479 589
479 590
479 591
479 592
479 593
479 594
479 595
479 596
479 597
479 598
479 599
479 600
479 601
479 602
479 603
479 604
479 605
479 606
479 607
479 608
479 609
479 610
479 611
479 612
479 613
479 614
479 615
479 616
479 617
479 618
479 619
479 620
479 621
479 622
479 623
479 624
480 575
480 576
480 577
480 578
480 579
480 580
480 581
480 582
480 583
480 584
480 585
480 586
480 587
480 588
480 589
480 590
480 591
480 592
480 593
480 594
480 595
480 596
480 597
480 598
480 599
480 600
480 601
480 602
480 603
480 604
480 605
480 606
480 607
480 608
480 609
480 610
480 611
480 612
480 613
480 614
480 615
480 616
480 617
480 618
480 619
480 620
480 621
480 622
480 623
480 624
481 575
481 576
481 577
481 578
481 579
481 580
481 581
481 582
481 583
481 584
481 585
481 586
481 587
481 588
481 589
481 590
481 591
481 592
481 593
481 594
481 595
481 596
481 597
481 598
481 599
481 600
481 601
481 602
481 603
481 604
481 605
481 606
481 607
481 608
481 609
481 610
481 611
481 612
481 613
481 614
481 615
481 616
481 617
481 618
481 619
481 620
481 621
481 622
481 623
481 624
482 575
482 576
482 577
482 578
482 579
482 580
482 581
482 582
482 583
482 584
482 585
482 586
482 587
482 588
482 589
482 590
482 591
482 592
482 593
482 594
482 595
482 596
482 597
482 598
482 599
482 600
482 601
482 602
482 603
482 604
482 605
482 606
482 607
482 608
482 609
482 610
482 611
482 612
482 613
482 614
482 615
482 616
482 617
482 618
482 619
482 620
482 621
482 622
482 623
482 624
483 575
483 576
483 577
483 578
483 579
483 580
483 581
483 582
483 583
483 584
483 585
483 586
483 587
483 588
483 589
483 590
483 591
483 592
483 593
483 594
483 595
483 596
483 597
483 598
483 599
483 600
483 601
483 602
483 603
483 604
483 605
483 606
483 607
483 608
483 609
483 610
483 611
483 612
483 613
483 614
483 615
483 616
483 617
483 618
483 619
483 620
483 621
483 622
483 623
483 624
484 575
484 576
484 577
484 578
484 579
484 580
484 581
484 582
484 583
484 584
484 585
484 586
484 587
484 588
484 589
484 590
484 591
484 592
484 593
484 594
484 595
484 596
484 597
484 598
484 599
484 600
484 601
484 602
484 603
484 604
484 605
484 606
484 607
484 608
484 609
484 610
484 611
484 612
484 613
484 614
484 615
484 616
484 617
484 618
484 619
484 620
484 621
484 622
484 623
484 624
485 575
485 576
485 577
485 578
485 579
485 580
485 581
485 582
485 583
485 584
485 585
485 586
485 587
485 588
485 589
485 590
485 591
485 592
485 593
485 594
485 595
485 596
485 597
485 598
485 599
485 600
485 601
485 602
485 603
485 604
485 605
485 606
485 607
485 608
485 609
485 610
485 611
485 612
485 613
485 614
485 615
485 616
485 617
485 618
485 619
485 620
485 621
485 622
485 623
485 624
486 575
486 576
486 577
486 578
486 579
486 580
486 581
486 582
486 583
486 584
486 585
486 586
486 587
486 588
486 589
486 590
486 591
486 592
486 593
486 594
486 595
486 596
486 597
486 598
486 599
486 600
486 601
486 602
486 603
486 604
486 605
486 606
486 607
486 608
486 609
486 610
486 611
486 612
486 613
486 614
486 615
486 616
486 617
486 618
486 619
486 620
486 621
486 622
486 623
486 624
487 575
487 576
487 577
487 578
487 579
487 580
487 581
487 582
487 583
487 584
487 585
487 586
487 587
487 588
487 589
487 590
487 591
487 592
487 593
487 594
487 595
487 596
487 597
487 598
487 599
487 600
487 601
487 602
487 603
487 604
487 605
487 606
487 607
487 608
487 609
487 610
487 611
487 612
487 613
487 614
487 615
487 616
487 617
487 618
487 619
487 620
487 621
487 622
487 623
487 624
488 575
488 576
488 577
488 578
488 579
488 580
488 581
488 582
488 583
488 584
488 585
488 586
488 587
488 588
488 589
488 590
488 591
488 592
488 593
488 594
488 595
488 596
488 597
488 598
488 599
488 600
488 601
488 602
488 603
488 604
488 605
488 606
488 607
488 608
488 609
488 610
488 611
488 612
488 613
488 614
488 615
488 616
488 617
488 618
488 619
488 620
488 621
488 622
488 623
488 624
489 575
489 576
489 577
489 578
489 579
489 580
489 581
489 582
489 583
489 584
489 585
489 586
489 587
489 588
489 589
489 590
489 591
489 592
489 593
489 594
489 595
489 596
489 597
489 598
489 599
489 600
489 601
489 602
489 603
489 604
489 605
489 606
489 607
489 608
489 609
489 610
489 611
489 612
489 613
489 614
489 615
489 616
489 617
489 618
489 619
489 620
489 621
489 622
489 623
489 624
490 575
490 576
490 577
490 578
490 579
490 580
490 581
490 582
490 583
490 584
490 585
490 586
490 587
490 588
490 589
490 590
490 591
490 592
490 593
490 594
490 595
490 596
490 597
490 598
490 599
490 600
490 601
490 602
490 603
490 604
490 605
490 606
490 607
490 608
490 609
490 610
490 611
490 612
490 613
490 614
490 615
490 616
490 617
490 618
490 619
490 620
490 621
490 622
490 623
490 624
491 575
491 576
491 577
491 578
491 579
491 580
491 581
491 582
491 583
491 584
491 585
491 586
491 587
491 588
491 589
491 590
491 591
491 592
491 593
491 594
491 595
491 596
491 597
491 598
491 599
491 600
491 601
491 602
491 603
491 604
491 605
491 606
491 607
491 608
491 609
491 610
491 611
491 612
491 613
491 614
491 615
491 616
491 617
491 618
491 619
491 620
491 621
491 622
491 623
491 624
492 575
492 576
492 577
492 578
492 579
492 580
492 581
492 582
492 583
492 584
492 585
492 586
492 587
492 588
492 589
492 590
492 591
492 592
492 593
492 594
492 595
492 596
492 597
492 598
492 599
492 600
492 601
492 602
492 603
492 604
492 605
492 606
492 607
492 608
492 609
492 610
492 611
492 612
492 613
492 614
492 615
492 616
492 617
492 618
492 619
492 620
492 621
492 622
492 623
492 624
493 575
493 576
493 577
493 578
493 579
493 580
493 581
493 582
493 583
493 584
493 585
493 586
493 587
493 588
493 589
493 590
493 591
493 592
493 593
493 594
493 595
493 596
493 597
493 598
493 599
493 600
493 601
493 602
493 603
493 604
493 605
493 606
493 607
493 608
493 609
493 610
493 611
493 612
493 613
493 614
493 615
493 616
493 617
493 618
493 619
493 620
493 621
493 622
493 623
493 624
494 575
494 576
494 577
494 578
494 579
494 580
494 581
494 582
494 583
494 584
494 585
494 586
494 587
494 588
494 589
494 590
494 591
494 592
494 593
494 594
494 595
494 596
494 597
494 598
494 599
494 600
494 601
494 602
494 603
494 604
494 605
494 606
494 607
494 608
494 609
494 610
494 611
494 612
494 613
494 614
494 615
494 616
494 617
494 618
494 619
494 620
