850 1000 1000
1 1
848 998
0 500
469 500
849 500
542 475
542 476
542 477
542 478
542 479
542 480
542 481
542 482
542 483
542 484
542 485
542 486
542 487
542 488
542 489
542 490
542 491
542 492
542 493
542 494
542 495
542 496
542 497
542 498
542 499
542 500
542 501
542 502
542 503
542 504
542 505
542 506
542 507
542 508
542 509
542 510
542 511
542 512
542 513
542 514
542 515
542 516
542 517
542 518
542 519
542 520
542 521
542 522
542 523
542 524
543 475
543 476
543 477
543 478
543 479
543 480
543 481
543 482
543 483
543 484
543 485
543 486
543 487
543 488
543 489
543 490
543 491
543 492
543 493
543 494
543 495
543 496
543 497
543 498
543 499
543 500
543 501
543 502
543 503
543 504
543 505
543 506
543 507
543 508
543 509
543 510
543 511
543 512
543 513
543 514
543 515
543 516
543 517
543 518
543 519
543 520
543 521
543 522
543 523
543 524
544 475
544 476
544 477
544 478
544 479
544 480
544 481
544 482
544 483
544 484
544 485
544 486
544 487
544 488
544 489
544 490
544 491
544 492
544 493
544 494
544 495
544 496
544 497
544 498
544 499
544 500
544 501
544 502
544 503
544 504
544 505
544 506
544 507
544 508
544 509
544 510
544 511
544 512
544 513
544 514
544 515
544 516
544 517
544 518
544 519
544 520
544 521
544 522
544 523
544 524
545 475
545 476
545 477
545 478
545 479
545 480
545 481
545 482
545 483
545 484
545 485
545 486
545 487
545 488
545 489
545 490
545 491
545 492
545 493
545 494
545 495
545 496
545 497
545 498
545 499
545 500
545 501
545 502
545 503
545 504
545 505
545 506
545 507
545 508
545 509
545 510
545 511
545 512
545 513
545 514
545 515
545 516
545 517
545 518
545 519
545 520
545 521
545 522
545 523
545 524
546 475
546 476
546 477
546 478
546 479
546 480
546 481
546 482
546 483
546 484
546 485
546 486
546 487
546 488
546 489
546 490
546 491
546 492
546 493
546 494
546 495
546 496
546 497
546 498
546 499
546 500
546 501
546 502
546 503
546 504
546 505
546 506
546 507
546 508
546 509
546 510
546 511
546 512
546 513
546 514
546 515
546 516
546 517
546 518
546 519
546 520
546 521
546 522
546 523
546 524
547 475
547 476
547 477
547 478
547 479
547 480
547 481
547 482
547 483
547 484
547 485
547 486
547 487
547 488
547 489
547 490
547 491
547 492
547 493
547 494
547 495
547 496
547 497
547 498
547 499
547 500
547 501
547 502
547 503
547 504
547 505
547 506
547 507
547 508
547 509
547 510
547 511
547 512
547 513
547 514
547 515
547 516
547 517
547 518
547 519
547 520
547 521
547 522
547 523
547 524
548 475
548 476
548 477
548 478
548 479
548 480
548 481
548 482
548 483
548 484
548 485
548 486
548 487
548 488
548 489
548 490
548 491
548 492
548 493
548 494
548 495
548 496
548 497
548 498
548 499
548 500
548 501
548 502
548 503
548 504
548 505
548 506
548 507
548 508
548 509
548 510
548 511
548 512
548 513
548 514
548 515
548 516
548 517
548 518
548 519
548 520
548 521
548 522
548 523
548 524
549 475
549 476
549 477
549 478
549 479
549 480
549 481
549 482
549 483
549 484
549 485
549 486
549 487
549 488
549 489
549 490
549 491
549 492
549 493
549 494
549 495
549 496
549 497
549 498
549 499
549 500
549 501
549 502
549 503
549 504
549 505
549 506
549 507
549 508
549 509
549 510
549 511
549 512
549 513
549 514
549 515
549 516
549 517
549 518
549 519
549 520
549 521
549 522
549 523
549 524
550 475
550 476
550 477
550 478
550 479
550 480
550 481
550 482
550 483
550 484
550 485
550 486
550 487
550 488
550 489
550 490
550 491
550 492
550 493
550 494
550 495
550 496
550 497
550 498
550 499
550 500
550 501
550 502
550 503
550 504
550 505
550 506
550 507
550 508
550 509
550 510
550 511
550 512
550 513
550 514
550 515
550 516
550 517
550 518
550 519
550 520
550 521
550 522
550 523
550 524
551 475
551 476
551 477
551 478
551 479
551 480
551 481
551 482
551 483
551 484
551 485
551 486
551 487
551 488
551 489
551 490
551 491
551 492
551 493
551 494
551 495
551 496
551 497
551 498
551 499
551 500
551 501
551 502
551 503
551 504
551 505
551 506
551 507
551 508
551 509
551 510
551 511
551 512
551 513
551 514
551 515
551 516
551 517
551 518
551 519
551 520
551 521
551 522
551 523
551 524
552 475
552 476
552 477
552 478
552 479
552 480
552 481
552 482
552 483
552 484
552 485
552 486
552 487
552 488
552 489
552 490
552 491
552 492
552 493
552 494
552 495
552 496
552 497
552 498
552 499
552 500
552 501
552 502
552 503
552 504
552 505
552 506
552 507
552 508
552 509
552 510
552 511
552 512
552 513
552 514
552 515
552 516
552 517
552 518
552 519
552 520
552 521
552 522
552 523
552 524
553 475
553 476
553 477
553 478
553 479
553 480
553 481
553 482
553 483
553 484
553 485
553 486
553 487
553 488
553 489
553 490
553 491
553 492
553 493
553 494
553 495
553 496
553 497
553 498
553 499
553 500
553 501
553 502
553 503
553 504
553 505
553 506
553 507
553 508
553 509
553 510
553 511
553 512
553 513
553 514
553 515
553 516
553 517
553 518
553 519
553 520
553 521
553 522
553 523
553 524
554 475
554 476
554 477
554 478
554 479
554 480
554 481
554 482
554 483
554 484
554 485
554 486
554 487
554 488
554 489
554 490
554 491
554 492
554 493
554 494
554 495
554 496
554 497
554 498
554 499
554 500
554 501
554 502
554 503
554 504
554 505
554 506
554 507
554 508
554 509
554 510
554 511
554 512
554 513
554 514
554 515
554 516
554 517
554 518
554 519
554 520
554 521
554 522
554 523
554 524
555 475
555 476
555 477
555 478
555 479
555 480
555 481
555 482
555 483
555 484
555 485
555 486
555 487
555 488
555 489
555 490
555 491
555 492
555 493
555 494
555 495
555 496
555 497
555 498
555 499
555 500
555 501
555 502
555 503
555 504
555 505
555 506
555 507
555 508
555 509
555 510
555 511
555 512
555 513
555 514
555 515
555 516
555 517
555 518
555 519
555 520
555 521
555 522
555 523
555 524
556 475
556 476
556 477
556 478
556 479
556 480
556 481
556 482
556 483
556 484
556 485
556 486
556 487
556 488
556 489
556 490
556 491
556 492
556 493
556 494
556 495
556 496
556 497
556 498
556 499
556 500
556 501
556 502
556 503
556 504
556 505
556 506
556 507
556 508
556 509
556 510
556 511
556 512
556 513
556 514
556 515
556 516
556 517
556 518
556 519
556 520
556 521
556 522
556 523
556 524
557 475
557 476
557 477
557 478
557 479
557 480
557 481
557 482
557 483
557 484
557 485
557 486
557 487
557 488
557 489
557 490
557 491
557 492
557 493
557 494
557 495
557 496
557 497
557 498
557 499
557 500
557 501
557 502
557 503
557 504
557 505
557 506
557 507
557 508
557 509
557 510
557 511
557 512
557 513
557 514
557 515
557 516
557 517
557 518
557 519
557 520
557 521
557 522
557 523
557 524
558 475
558 476
558 477
558 478
558 479
558 480
558 481
558 482
558 483
558 484
558 485
558 486
558 487
558 488
558 489
558 490
558 491
558 492
558 493
558 494
558 495
558 496
558 497
558 498
558 499
558 500
558 501
558 502
558 503
558 504
558 505
558 506
558 507
558 508
558 509
558 510
558 511
558 512
558 513
558 514
558 515
558 516
558 517
558 518
558 519
558 520
558 521
558 522
558 523
558 524
559 475
559 476
559 477
559 478
559 479
559 480
559 481
559 482
559 483
559 484
559 485
559 486
559 487
559 488
559 489
559 490
559 491
559 492
559 493
559 494
559 495
559 496
559 497
559 498
559 499
559 500
559 501
559 502
559 503
559 504
559 505
559 506
559 507
559 508
559 509
559 510
559 511
559 512
559 513
559 514
559 515
559 516
559 517
559 518
559 519
559 520
559 521
559 522
559 523
559 524
560 475
560 476
560 477
560 478
560 479
560 480
560 481
560 482
560 483
560 484
560 485
560 486
560 487
560 488
560 489
560 490
560 491
560 492
560 493
560 494
560 495
560 496
560 497
560 498
560 499
560 500
560 501
560 502
560 503
560 504
560 505
560 506
560 507
560 508
560 509
560 510
560 511
560 512
560 513
560 514
560 515
560 516
560 517
560 518
560 519
560 520
560 521
560 522
560 523
560 524
561 475
561 476
561 477
561 478
561 479
561 480
561 481
561 482
561 483
561 484
561 485
561 486
561 487
561 488
561 489
561 490
561 491
561 492
561 493
561 494
561 495
561 496
561 497
561 498
561 499
561 500
561 501
561 502
561 503
561 504
561 505
561 506
561 507
561 508
561 509
561 510
561 511
561 512
561 513
561 514
561 515
561 516
561 517
561 518
561 519
561 520
561 521
