1000 1000 1000
1 1
998 998
500 0
500 479
500 958
500 999
475 620
475 621
475 622
475 623
475 624
475 625
475 626
475 627
475 628
475 629
475 630
475 631
475 632
475 633
475 634
475 635
475 636
475 637
475 638
475 639
475 640
475 641
475 642
475 643
475 644
475 645
475 646
475 647
475 648
475 649
475 650
475 651
475 652
475 653
475 654
475 655
475 656
475 657
475 658
475 659
475 660
475 661
475 662
475 663
475 664
475 665
475 666
475 667
475 668
475 669
476 620
476 621
476 622
476 623
476 624
476 625
476 626
476 627
476 628
476 629
476 630
476 631
476 632
476 633
476 634
476 635
476 636
476 637
476 638
476 639
476 640
476 641
476 642
476 643
476 644
476 645
476 646
476 647
476 648
476 649
476 650
476 651
476 652
476 653
476 654
476 655
476 656
476 657
476 658
476 659
476 660
476 661
476 662
476 663
476 664
476 665
476 666
476 667
476 668
476 669
477 620
477 621
477 622
477 623
477 624
477 625
477 626
477 627
477 628
477 629
477 630
477 631
477 632
477 633
477 634
477 635
477 636
477 637
477 638
477 639
477 640
477 641
477 642
477 643
477 644
477 645
477 646
477 647
477 648
477 649
477 650
477 651
477 652
477 653
477 654
477 655
477 656
477 657
477 658
477 659
477 660
477 661
477 662
477 663
477 664
477 665
477 666
477 667
477 668
477 669
478 620
478 621
478 622
478 623
478 624
478 625
478 626
478 627
478 628
478 629
478 630
478 631
478 632
478 633
478 634
478 635
478 636
478 637
478 638
478 639
478 640
478 641
478 642
478 643
478 644
478 645
478 646
478 647
478 648
478 649
478 650
478 651
478 652
478 653
478 654
478 655
478 656
478 657
478 658
478 659
478 660
478 661
478 662
478 663
478 664
478 665
478 666
478 667
478 668
478 669
479 620
479 621
479 622
479 623
479 624
479 625
479 626
479 627
479 628
479 629
479 630
479 631
479 632
479 633
479 634
479 635
479 636
479 637
479 638
479 639
479 640
479 641
479 642
479 643
479 644
479 645
479 646
479 647
479 648
479 649
479 650
479 651
479 652
479 653
479 654
479 655
479 656
479 657
479 658
479 659
479 660
479 661
479 662
479 663
479 664
479 665
479 666
479 667
479 668
479 669
480 620
480 621
480 622
480 623
480 624
480 625
480 626
480 627
480 628
480 629
480 630
480 631
480 632
480 633
480 634
480 635
480 636
480 637
480 638
480 639
480 640
480 641
480 642
480 643
480 644
480 645
480 646
480 647
480 648
480 649
480 650
480 651
480 652
480 653
480 654
480 655
480 656
480 657
480 658
480 659
480 660
480 661
480 662
480 663
480 664
480 665
480 666
480 667
480 668
480 669
481 620
481 621
481 622
481 623
481 624
481 625
481 626
481 627
481 628
481 629
481 630
481 631
481 632
481 633
481 634
481 635
481 636
481 637
481 638
481 639
481 640
481 641
481 642
481 643
481 644
481 645
481 646
481 647
481 648
481 649
481 650
481 651
481 652
481 653
481 654
481 655
481 656
481 657
481 658
481 659
481 660
481 661
481 662
481 663
481 664
481 665
481 666
481 667
481 668
481 669
482 620
482 621
482 622
482 623
482 624
482 625
482 626
482 627
482 628
482 629
482 630
482 631
482 632
482 633
482 634
482 635
482 636
482 637
482 638
482 639
482 640
482 641
482 642
482 643
482 644
482 645
482 646
482 647
482 648
482 649
482 650
482 651
482 652
482 653
482 654
482 655
482 656
482 657
482 658
482 659
482 660
482 661
482 662
482 663
482 664
482 665
482 666
482 667
482 668
482 669
483 620
483 621
483 622
483 623
483 624
483 625
483 626
483 627
483 628
483 629
483 630
483 631
483 632
483 633
483 634
483 635
483 636
483 637
483 638
483 639
483 640
483 641
483 642
483 643
483 644
483 645
483 646
483 647
483 648
483 649
483 650
483 651
483 652
483 653
483 654
483 655
483 656
483 657
483 658
483 659
483 660
483 661
483 662
483 663
483 664
483 665
483 666
483 667
483 668
483 669
484 620
484 621
484 622
484 623
484 624
484 625
484 626
484 627
484 628
484 629
484 630
484 631
484 632
484 633
484 634
484 635
484 636
484 637
484 638
484 639
484 640
484 641
484 642
484 643
484 644
484 645
484 646
484 647
484 648
484 649
484 650
484 651
484 652
484 653
484 654
484 655
484 656
484 657
484 658
484 659
484 660
484 661
484 662
484 663
484 664
484 665
484 666
484 667
484 668
484 669
485 620
485 621
485 622
485 623
485 624
485 625
485 626
485 627
485 628
485 629
485 630
485 631
485 632
485 633
485 634
485 635
485 636
485 637
485 638
485 639
485 640
485 641
485 642
485 643
485 644
485 645
485 646
485 647
485 648
485 649
485 650
485 651
485 652
485 653
485 654
485 655
485 656
485 657
485 658
485 659
485 660
485 661
485 662
485 663
485 664
485 665
485 666
485 667
485 668
485 669
486 620
486 621
486 622
486 623
486 624
486 625
486 626
486 627
486 628
486 629
486 630
486 631
486 632
486 633
486 634
486 635
486 636
486 637
486 638
486 639
486 640
486 641
486 642
486 643
486 644
486 645
486 646
486 647
486 648
486 649
486 650
486 651
486 652
486 653
486 654
486 655
486 656
486 657
486 658
486 659
486 660
486 661
486 662
486 663
486 664
486 665
486 666
486 667
486 668
486 669
487 620
487 621
487 622
487 623
487 624
487 625
487 626
487 627
487 628
487 629
487 630
487 631
487 632
487 633
487 634
487 635
487 636
487 637
487 638
487 639
487 640
487 641
487 642
487 643
487 644
487 645
487 646
487 647
487 648
487 649
487 650
487 651
487 652
487 653
487 654
487 655
487 656
487 657
487 658
487 659
487 660
487 661
487 662
487 663
487 664
487 665
487 666
487 667
487 668
487 669
488 620
488 621
488 622
488 623
488 624
488 625
488 626
488 627
488 628
488 629
488 630
488 631
488 632
488 633
488 634
488 635
488 636
488 637
488 638
488 639
488 640
488 641
488 642
488 643
488 644
488 645
488 646
488 647
488 648
488 649
488 650
488 651
488 652
488 653
488 654
488 655
488 656
488 657
488 658
488 659
488 660
488 661
488 662
488 663
488 664
488 665
488 666
488 667
488 668
488 669
489 620
489 621
489 622
489 623
489 624
489 625
489 626
489 627
489 628
489 629
489 630
489 631
489 632
489 633
489 634
489 635
489 636
489 637
489 638
489 639
489 640
489 641
489 642
489 643
489 644
489 645
489 646
489 647
489 648
489 649
489 650
489 651
489 652
489 653
489 654
489 655
489 656
489 657
489 658
489 659
489 660
489 661
489 662
489 663
489 664
489 665
489 666
489 667
489 668
489 669
490 620
490 621
490 622
490 623
490 624
490 625
490 626
490 627
490 628
490 629
490 630
490 631
490 632
490 633
490 634
490 635
490 636
490 637
490 638
490 639
490 640
490 641
490 642
490 643
490 644
490 645
490 646
490 647
490 648
490 649
490 650
490 651
490 652
490 653
490 654
490 655
490 656
490 657
490 658
490 659
490 660
490 661
490 662
490 663
490 664
490 665
490 666
490 667
490 668
490 669
491 620
491 621
491 622
491 623
491 624
491 625
491 626
491 627
491 628
491 629
491 630
491 631
491 632
491 633
491 634
491 635
491 636
491 637
491 638
491 639
491 640
491 641
491 642
491 643
491 644
491 645
491 646
491 647
491 648
491 649
491 650
491 651
491 652
491 653
491 654
491 655
491 656
491 657
491 658
491 659
491 660
491 661
491 662
491 663
491 664
491 665
491 666
491 667
491 668
491 669
492 620
492 621
492 622
492 623
492 624
492 625
492 626
492 627
492 628
492 629
492 630
492 631
492 632
492 633
492 634
492 635
492 636
492 637
492 638
492 639
492 640
492 641
492 642
492 643
492 644
492 645
492 646
492 647
492 648
492 649
492 650
492 651
492 652
492 653
492 654
492 655
492 656
492 657
492 658
492 659
492 660
492 661
492 662
492 663
492 664
492 665
492 666
492 667
492 668
492 669
493 620
493 621
493 622
493 623
493 624
493 625
493 626
493 627
493 628
493 629
493 630
493 631
493 632
493 633
493 634
493 635
493 636
493 637
493 638
493 639
493 640
493 641
493 642
493 643
493 644
493 645
493 646
493 647
493 648
493 649
493 650
493 651
493 652
493 653
493 654
493 655
493 656
493 657
493 658
493 659
493 660
493 661
493 662
493 663
493 664
493 665
493 666
493 667
493 668
493 669
494 620
494 621
494 622
494 623
494 624
494 625
494 626
494 627
494 628
494 629
494 630
494 631
494 632
494 633
494 634
494 635
494 636
494 637
494 638
494 639
494 640
494 641
494 642
494 643
494 644
494 645
494 646
494 647
494 648
494 649
494 650
494 651
494 652
494 653
494 654
494 655
494 656
494 657
494 658
494 659
494 660
494 661
494 662
494 663
494 664
494 665
