850 920 1000
1 1
848 918
0 460
489 460
849 460
547 435
547 436
547 437
547 438
547 439
547 440
547 441
547 442
547 443
547 444
547 445
547 446
547 447
547 448
547 449
547 450
547 451
547 452
547 453
547 454
547 455
547 456
547 457
547 458
547 459
547 460
547 461
547 462
547 463
547 464
547 465
547 466
547 467
547 468
547 469
547 470
547 471
547 472
547 473
547 474
547 475
547 476
547 477
547 478
547 479
547 480
547 481
547 482
547 483
547 484
548 435
548 436
548 437
548 438
548 439
548 440
548 441
548 442
548 443
548 444
548 445
548 446
548 447
548 448
548 449
548 450
548 451
548 452
548 453
548 454
548 455
548 456
548 457
548 458
548 459
548 460
548 461
548 462
548 463
548 464
548 465
548 466
548 467
548 468
548 469
548 470
548 471
548 472
548 473
548 474
548 475
548 476
548 477
548 478
548 479
548 480
548 481
548 482
548 483
548 484
549 435
549 436
549 437
549 438
549 439
549 440
549 441
549 442
549 443
549 444
549 445
549 446
549 447
549 448
549 449
549 450
549 451
549 452
549 453
549 454
549 455
549 456
549 457
549 458
549 459
549 460
549 461
549 462
549 463
549 464
549 465
549 466
549 467
549 468
549 469
549 470
549 471
549 472
549 473
549 474
549 475
549 476
549 477
549 478
549 479
549 480
549 481
549 482
549 483
549 484
550 435
550 436
550 437
550 438
550 439
550 440
550 441
550 442
550 443
550 444
550 445
550 446
550 447
550 448
550 449
550 450
550 451
550 452
550 453
550 454
550 455
550 456
550 457
550 458
550 459
550 460
550 461
550 462
550 463
550 464
550 465
550 466
550 467
550 468
550 469
550 470
550 471
550 472
550 473
550 474
550 475
550 476
550 477
550 478
550 479
550 480
550 481
550 482
550 483
550 484
551 435
551 436
551 437
551 438
551 439
551 440
551 441
551 442
551 443
551 444
551 445
551 446
551 447
551 448
551 449
551 450
551 451
551 452
551 453
551 454
551 455
551 456
551 457
551 458
551 459
551 460
551 461
551 462
551 463
551 464
551 465
551 466
551 467
551 468
551 469
551 470
551 471
551 472
551 473
551 474
551 475
551 476
551 477
551 478
551 479
551 480
551 481
551 482
551 483
551 484
552 435
552 436
552 437
552 438
552 439
552 440
552 441
552 442
552 443
552 444
552 445
552 446
552 447
552 448
552 449
552 450
552 451
552 452
552 453
552 454
552 455
552 456
552 457
552 458
552 459
552 460
552 461
552 462
552 463
552 464
552 465
552 466
552 467
552 468
552 469
552 470
552 471
552 472
552 473
552 474
552 475
552 476
552 477
552 478
552 479
552 480
552 481
552 482
552 483
552 484
553 435
553 436
553 437
553 438
553 439
553 440
553 441
553 442
553 443
553 444
553 445
553 446
553 447
553 448
553 449
553 450
553 451
553 452
553 453
553 454
553 455
553 456
553 457
553 458
553 459
553 460
553 461
553 462
553 463
553 464
553 465
553 466
553 467
553 468
553 469
553 470
553 471
553 472
553 473
553 474
553 475
553 476
553 477
553 478
553 479
553 480
553 481
553 482
553 483
553 484
554 435
554 436
554 437
554 438
554 439
554 440
554 441
554 442
554 443
554 444
554 445
554 446
554 447
554 448
554 449
554 450
554 451
554 452
554 453
554 454
554 455
554 456
554 457
554 458
554 459
554 460
554 461
554 462
554 463
554 464
554 465
554 466
554 467
554 468
554 469
554 470
554 471
554 472
554 473
554 474
554 475
554 476
554 477
554 478
554 479
554 480
554 481
554 482
554 483
554 484
555 435
555 436
555 437
555 438
555 439
555 440
555 441
555 442
555 443
555 444
555 445
555 446
555 447
555 448
555 449
555 450
555 451
555 452
555 453
555 454
555 455
555 456
555 457
555 458
555 459
555 460
555 461
555 462
555 463
555 464
555 465
555 466
555 467
555 468
555 469
555 470
555 471
555 472
555 473
555 474
555 475
555 476
555 477
555 478
555 479
555 480
555 481
555 482
555 483
555 484
556 435
556 436
556 437
556 438
556 439
556 440
556 441
556 442
556 443
556 444
556 445
556 446
556 447
556 448
556 449
556 450
556 451
556 452
556 453
556 454
556 455
556 456
556 457
556 458
556 459
556 460
556 461
556 462
556 463
556 464
556 465
556 466
556 467
556 468
556 469
556 470
556 471
556 472
556 473
556 474
556 475
556 476
556 477
556 478
556 479
556 480
556 481
556 482
556 483
556 484
557 435
557 436
557 437
557 438
557 439
557 440
557 441
557 442
557 443
557 444
557 445
557 446
557 447
557 448
557 449
557 450
557 451
557 452
557 453
557 454
557 455
557 456
557 457
557 458
557 459
557 460
557 461
557 462
557 463
557 464
557 465
557 466
557 467
557 468
557 469
557 470
557 471
557 472
557 473
557 474
557 475
557 476
557 477
557 478
557 479
557 480
557 481
557 482
557 483
557 484
558 435
558 436
558 437
558 438
558 439
558 440
558 441
558 442
558 443
558 444
558 445
558 446
558 447
558 448
558 449
558 450
558 451
558 452
558 453
558 454
558 455
558 456
558 457
558 458
558 459
558 460
558 461
558 462
558 463
558 464
558 465
558 466
558 467
558 468
558 469
558 470
558 471
558 472
558 473
558 474
558 475
558 476
558 477
558 478
558 479
558 480
558 481
558 482
558 483
558 484
559 435
559 436
559 437
559 438
559 439
559 440
559 441
559 442
559 443
559 444
559 445
559 446
559 447
559 448
559 449
559 450
559 451
559 452
559 453
559 454
559 455
559 456
559 457
559 458
559 459
559 460
559 461
559 462
559 463
559 464
559 465
559 466
559 467
559 468
559 469
559 470
559 471
559 472
559 473
559 474
559 475
559 476
559 477
559 478
559 479
559 480
559 481
559 482
559 483
559 484
560 435
560 436
560 437
560 438
560 439
560 440
560 441
560 442
560 443
560 444
560 445
560 446
560 447
560 448
560 449
560 450
560 451
560 452
560 453
560 454
560 455
560 456
560 457
560 458
560 459
560 460
560 461
560 462
560 463
560 464
560 465
560 466
560 467
560 468
560 469
560 470
560 471
560 472
560 473
560 474
560 475
560 476
560 477
560 478
560 479
560 480
560 481
560 482
560 483
560 484
561 435
561 436
561 437
561 438
561 439
561 440
561 441
561 442
561 443
561 444
561 445
561 446
561 447
561 448
561 449
561 450
561 451
561 452
561 453
561 454
561 455
561 456
561 457
561 458
561 459
561 460
561 461
561 462
561 463
561 464
561 465
561 466
561 467
561 468
561 469
561 470
561 471
561 472
561 473
561 474
561 475
561 476
561 477
561 478
561 479
561 480
561 481
561 482
561 483
561 484
562 435
562 436
562 437
562 438
562 439
562 440
562 441
562 442
562 443
562 444
562 445
562 446
562 447
562 448
562 449
562 450
562 451
562 452
562 453
562 454
562 455
562 456
562 457
562 458
562 459
562 460
562 461
562 462
562 463
562 464
562 465
562 466
562 467
562 468
562 469
562 470
562 471
562 472
562 473
562 474
562 475
562 476
562 477
562 478
562 479
562 480
562 481
562 482
562 483
562 484
563 435
563 436
563 437
563 438
563 439
563 440
563 441
563 442
563 443
563 444
563 445
563 446
563 447
563 448
563 449
563 450
563 451
563 452
563 453
563 454
563 455
563 456
563 457
563 458
563 459
563 460
563 461
563 462
563 463
563 464
563 465
563 466
563 467
563 468
563 469
563 470
563 471
563 472
563 473
563 474
563 475
563 476
563 477
563 478
563 479
563 480
563 481
563 482
563 483
563 484
564 435
564 436
564 437
564 438
564 439
564 440
564 441
564 442
564 443
564 444
564 445
564 446
564 447
564 448
564 449
564 450
564 451
564 452
564 453
564 454
564 455
564 456
564 457
564 458
564 459
564 460
564 461
564 462
564 463
564 464
564 465
564 466
564 467
564 468
564 469
564 470
564 471
564 472
564 473
564 474
564 475
564 476
564 477
564 478
564 479
564 480
564 481
564 482
564 483
564 484
565 435
565 436
565 437
565 438
565 439
565 440
565 441
565 442
565 443
565 444
565 445
565 446
565 447
565 448
565 449
565 450
565 451
565 452
565 453
565 454
565 455
565 456
565 457
565 458
565 459
565 460
565 461
565 462
565 463
565 464
565 465
565 466
565 467
565 468
565 469
565 470
565 471
565 472
565 473
565 474
565 475
565 476
565 477
565 478
565 479
565 480
565 481
565 482
565 483
565 484
566 435
566 436
566 437
566 438
566 439
566 440
566 441
566 442
566 443
566 444
566 445
566 446
566 447
566 448
566 449
566 450
566 451
566 452
566 453
566 454
566 455
566 456
566 457
566 458
566 459
566 460
566 461
566 462
566 463
566 464
566 465
566 466
566 467
566 468
566 469
566 470
566 471
566 472
566 473
566 474
566 475
566 476
566 477
566 478
566 479
566 480
566 481
