850 1000 1000
1 1
848 998
0 500
509 500
849 500
552 475
552 476
552 477
552 478
552 479
552 480
552 481
552 482
552 483
552 484
552 485
552 486
552 487
552 488
552 489
552 490
552 491
552 492
552 493
552 494
552 495
552 496
552 497
552 498
552 499
552 500
552 501
552 502
552 503
552 504
552 505
552 506
552 507
552 508
552 509
552 510
552 511
552 512
552 513
552 514
552 515
552 516
552 517
552 518
552 519
552 520
552 521
552 522
552 523
552 524
553 475
553 476
553 477
553 478
553 479
553 480
553 481
553 482
553 483
553 484
553 485
553 486
553 487
553 488
553 489
553 490
553 491
553 492
553 493
553 494
553 495
553 496
553 497
553 498
553 499
553 500
553 501
553 502
553 503
553 504
553 505
553 506
553 507
553 508
553 509
553 510
553 511
553 512
553 513
553 514
553 515
553 516
553 517
553 518
553 519
553 520
553 521
553 522
553 523
553 524
554 475
554 476
554 477
554 478
554 479
554 480
554 481
554 482
554 483
554 484
554 485
554 486
554 487
554 488
554 489
554 490
554 491
554 492
554 493
554 494
554 495
554 496
554 497
554 498
554 499
554 500
554 501
554 502
554 503
554 504
554 505
554 506
554 507
554 508
554 509
554 510
554 511
554 512
554 513
554 514
554 515
554 516
554 517
554 518
554 519
554 520
554 521
554 522
554 523
554 524
555 475
555 476
555 477
555 478
555 479
555 480
555 481
555 482
555 483
555 484
555 485
555 486
555 487
555 488
555 489
555 490
555 491
555 492
555 493
555 494
555 495
555 496
555 497
555 498
555 499
555 500
555 501
555 502
555 503
555 504
555 505
555 506
555 507
555 508
555 509
555 510
555 511
555 512
555 513
555 514
555 515
555 516
555 517
555 518
555 519
555 520
555 521
555 522
555 523
555 524
556 475
556 476
556 477
556 478
556 479
556 480
556 481
556 482
556 483
556 484
556 485
556 486
556 487
556 488
556 489
556 490
556 491
556 492
556 493
556 494
556 495
556 496
556 497
556 498
556 499
556 500
556 501
556 502
556 503
556 504
556 505
556 506
556 507
556 508
556 509
556 510
556 511
556 512
556 513
556 514
556 515
556 516
556 517
556 518
556 519
556 520
556 521
556 522
556 523
556 524
557 475
557 476
557 477
557 478
557 479
557 480
557 481
557 482
557 483
557 484
557 485
557 486
557 487
557 488
557 489
557 490
557 491
557 492
557 493
557 494
557 495
557 496
557 497
557 498
557 499
557 500
557 501
557 502
557 503
557 504
557 505
557 506
557 507
557 508
557 509
557 510
557 511
557 512
557 513
557 514
557 515
557 516
557 517
557 518
557 519
557 520
557 521
557 522
557 523
557 524
558 475
558 476
558 477
558 478
558 479
558 480
558 481
558 482
558 483
558 484
558 485
558 486
558 487
558 488
558 489
558 490
558 491
558 492
558 493
558 494
558 495
558 496
558 497
558 498
558 499
558 500
558 501
558 502
558 503
558 504
558 505
558 506
558 507
558 508
558 509
558 510
558 511
558 512
558 513
558 514
558 515
558 516
558 517
558 518
558 519
558 520
558 521
558 522
558 523
558 524
559 475
559 476
559 477
559 478
559 479
559 480
559 481
559 482
559 483
559 484
559 485
559 486
559 487
559 488
559 489
559 490
559 491
559 492
559 493
559 494
559 495
559 496
559 497
559 498
559 499
559 500
559 501
559 502
559 503
559 504
559 505
559 506
559 507
559 508
559 509
559 510
559 511
559 512
559 513
559 514
559 515
559 516
559 517
559 518
559 519
559 520
559 521
559 522
559 523
559 524
560 475
560 476
560 477
560 478
560 479
560 480
560 481
560 482
560 483
560 484
560 485
560 486
560 487
560 488
560 489
560 490
560 491
560 492
560 493
560 494
560 495
560 496
560 497
560 498
560 499
560 500
560 501
560 502
560 503
560 504
560 505
560 506
560 507
560 508
560 509
560 510
560 511
560 512
560 513
560 514
560 515
560 516
560 517
560 518
560 519
560 520
560 521
560 522
560 523
560 524
561 475
561 476
561 477
561 478
561 479
561 480
561 481
561 482
561 483
561 484
561 485
561 486
561 487
561 488
561 489
561 490
561 491
561 492
561 493
561 494
561 495
561 496
561 497
561 498
561 499
561 500
561 501
561 502
561 503
561 504
561 505
561 506
561 507
561 508
561 509
561 510
561 511
561 512
561 513
561 514
561 515
561 516
561 517
561 518
561 519
561 520
561 521
561 522
561 523
561 524
562 475
562 476
562 477
562 478
562 479
562 480
562 481
562 482
562 483
562 484
562 485
562 486
562 487
562 488
562 489
562 490
562 491
562 492
562 493
562 494
562 495
562 496
562 497
562 498
562 499
562 500
562 501
562 502
562 503
562 504
562 505
562 506
562 507
562 508
562 509
562 510
562 511
562 512
562 513
562 514
562 515
562 516
562 517
562 518
562 519
562 520
562 521
562 522
562 523
562 524
563 475
563 476
563 477
563 478
563 479
563 480
563 481
563 482
563 483
563 484
563 485
563 486
563 487
563 488
563 489
563 490
563 491
563 492
563 493
563 494
563 495
563 496
563 497
563 498
563 499
563 500
563 501
563 502
563 503
563 504
563 505
563 506
563 507
563 508
563 509
563 510
563 511
563 512
563 513
563 514
563 515
563 516
563 517
563 518
563 519
563 520
563 521
563 522
563 523
563 524
564 475
564 476
564 477
564 478
564 479
564 480
564 481
564 482
564 483
564 484
564 485
564 486
564 487
564 488
564 489
564 490
564 491
564 492
564 493
564 494
564 495
564 496
564 497
564 498
564 499
564 500
564 501
564 502
564 503
564 504
564 505
564 506
564 507
564 508
564 509
564 510
564 511
564 512
564 513
564 514
564 515
564 516
564 517
564 518
564 519
564 520
564 521
564 522
564 523
564 524
565 475
565 476
565 477
565 478
565 479
565 480
565 481
565 482
565 483
565 484
565 485
565 486
565 487
565 488
565 489
565 490
565 491
565 492
565 493
565 494
565 495
565 496
565 497
565 498
565 499
565 500
565 501
565 502
565 503
565 504
565 505
565 506
565 507
565 508
565 509
565 510
565 511
565 512
565 513
565 514
565 515
565 516
565 517
565 518
565 519
565 520
565 521
565 522
565 523
565 524
566 475
566 476
566 477
566 478
566 479
566 480
566 481
566 482
566 483
566 484
566 485
566 486
566 487
566 488
566 489
566 490
566 491
566 492
566 493
566 494
566 495
566 496
566 497
566 498
566 499
566 500
566 501
566 502
566 503
566 504
566 505
566 506
566 507
566 508
566 509
566 510
566 511
566 512
566 513
566 514
566 515
566 516
566 517
566 518
566 519
566 520
566 521
566 522
566 523
566 524
567 475
567 476
567 477
567 478
567 479
567 480
567 481
567 482
567 483
567 484
567 485
567 486
567 487
567 488
567 489
567 490
567 491
567 492
567 493
567 494
567 495
567 496
567 497
567 498
567 499
567 500
567 501
567 502
567 503
567 504
567 505
567 506
567 507
567 508
567 509
567 510
567 511
567 512
567 513
567 514
567 515
567 516
567 517
567 518
567 519
567 520
567 521
567 522
567 523
567 524
568 475
568 476
568 477
568 478
568 479
568 480
568 481
568 482
568 483
568 484
568 485
568 486
568 487
568 488
568 489
568 490
568 491
568 492
568 493
568 494
568 495
568 496
568 497
568 498
568 499
568 500
568 501
568 502
568 503
568 504
568 505
568 506
568 507
568 508
568 509
568 510
568 511
568 512
568 513
568 514
568 515
568 516
568 517
568 518
568 519
568 520
568 521
568 522
568 523
568 524
569 475
569 476
569 477
569 478
569 479
569 480
569 481
569 482
569 483
569 484
569 485
569 486
569 487
569 488
569 489
569 490
569 491
569 492
569 493
569 494
569 495
569 496
569 497
569 498
569 499
569 500
569 501
569 502
569 503
569 504
569 505
569 506
569 507
569 508
569 509
569 510
569 511
569 512
569 513
569 514
569 515
569 516
569 517
569 518
569 519
569 520
569 521
569 522
569 523
569 524
570 475
570 476
570 477
570 478
570 479
570 480
570 481
570 482
570 483
570 484
570 485
570 486
570 487
570 488
570 489
570 490
570 491
570 492
570 493
570 494
570 495
570 496
570 497
570 498
570 499
570 500
570 501
570 502
570 503
570 504
570 505
570 506
570 507
570 508
570 509
570 510
570 511
570 512
570 513
570 514
570 515
570 516
570 517
570 518
570 519
570 520
570 521
570 522
570 523
570 524
571 475
571 476
571 477
571 478
571 479
571 480
571 481
571 482
571 483
571 484
571 485
571 486
571 487
571 488
571 489
571 490
571 491
571 492
571 493
571 494
571 495
571 496
571 497
571 498
571 499
571 500
571 501
571 502
571 503
571 504
571 505
571 506
571 507
571 508
571 509
571 510
571 511
571 512
571 513
571 514
571 515
571 516
571 517
571 518
571 519
571 520
571 521
