777 999 1000
0 0
0 1
368 487
368 488
368 489
368 490
368 491
368 492
368 493
368 494
368 495
368 496
368 497
368 498
368 499
368 500
368 501
368 502
368 503
368 504
368 505
368 506
368 507
368 508
368 509
368 510
368 511
369 487
369 488
369 489
369 490
369 491
369 492
369 493
369 494
369 495
369 496
369 497
369 498
369 499
369 500
369 501
369 502
369 503
369 504
369 505
369 506
369 507
369 508
369 509
369 510
369 511
370 487
370 488
370 489
370 490
370 491
370 492
370 493
370 494
370 495
370 496
370 497
370 498
370 499
370 500
370 501
370 502
370 503
370 504
370 505
370 506
370 507
370 508
370 509
370 510
370 511
371 487
371 488
371 489
371 490
371 491
371 492
371 493
371 494
371 495
371 496
371 497
371 498
371 499
371 500
371 501
371 502
371 503
371 504
371 505
371 506
371 507
371 508
371 509
371 510
371 511
372 487
372 488
372 489
372 490
372 491
372 492
372 493
372 494
372 495
372 496
372 497
372 498
372 499
372 500
372 501
372 502
372 503
372 504
372 505
372 506
372 507
372 508
372 509
372 510
372 511
373 487
373 488
373 489
373 490
373 491
373 492
373 493
373 494
373 495
373 496
373 497
373 498
373 499
373 500
373 501
373 502
373 503
373 504
373 505
373 506
373 507
373 508
373 509
373 510
373 511
374 487
374 488
374 489
374 490
374 491
374 492
374 493
374 494
374 495
374 496
374 497
374 498
374 499
374 500
374 501
374 502
374 503
374 504
374 505
374 506
374 507
374 508
374 509
374 510
374 511
375 487
375 488
375 489
375 490
375 491
375 492
375 493
375 494
375 495
375 496
375 497
375 498
375 499
375 500
375 501
375 502
375 503
375 504
375 505
375 506
375 507
375 508
375 509
375 510
375 511
376 487
376 488
376 489
376 490
376 491
376 492
376 493
376 494
376 495
376 496
376 497
376 498
376 499
376 500
376 501
376 502
376 503
376 504
376 505
376 506
376 507
376 508
376 509
376 510
376 511
377 487
377 488
377 489
377 490
377 491
377 492
377 493
377 494
377 495
377 496
377 497
377 498
377 499
377 500
377 501
377 502
377 503
377 504
377 505
377 506
377 507
377 508
377 509
377 510
377 511
378 487
378 488
378 489
378 490
378 491
378 492
378 493
378 494
378 495
378 496
378 497
378 498
378 499
378 500
378 501
378 502
378 503
378 504
378 505
378 506
378 507
378 508
378 509
378 510
378 511
379 487
379 488
379 489
379 490
379 491
379 492
379 493
379 494
379 495
379 496
379 497
379 498
379 499
379 500
379 501
379 502
379 503
379 504
379 505
379 506
379 507
379 508
379 509
379 510
379 511
380 487
380 488
380 489
380 490
380 491
380 492
380 493
380 494
380 495
380 496
380 497
380 498
380 499
380 500
380 501
380 502
380 503
380 504
380 505
380 506
380 507
380 508
380 509
380 510
380 511
381 487
381 488
381 489
381 490
381 491
381 492
381 493
381 494
381 495
381 496
381 497
381 498
381 499
381 500
381 501
381 502
381 503
381 504
381 505
381 506
381 507
381 508
381 509
381 510
381 511
382 487
382 488
382 489
382 490
382 491
382 492
382 493
382 494
382 495
382 496
382 497
382 498
382 499
382 500
382 501
382 502
382 503
382 504
382 505
382 506
382 507
382 508
382 509
382 510
382 511
383 487
383 488
383 489
383 490
383 491
383 492
383 493
383 494
383 495
383 496
383 497
383 498
383 499
383 500
383 501
383 502
383 503
383 504
383 505
383 506
383 507
383 508
383 509
383 510
383 511
384 487
384 488
384 489
384 490
384 491
384 492
384 493
384 494
384 495
384 496
384 497
384 498
384 499
384 500
384 501
384 502
384 503
384 504
384 505
384 506
384 507
384 508
384 509
384 510
384 511
385 487
385 488
385 489
385 490
385 491
385 492
385 493
385 494
385 495
385 496
385 497
385 498
385 499
385 500
385 501
385 502
385 503
385 504
385 505
385 506
385 507
385 508
385 509
385 510
385 511
386 487
386 488
386 489
386 490
386 491
386 492
386 493
386 494
386 495
386 496
386 497
386 498
386 499
386 500
386 501
386 502
386 503
386 504
386 505
386 506
386 507
386 508
386 509
386 510
386 511
387 487
387 488
387 489
387 490
387 491
387 492
387 493
387 494
387 495
387 496
387 497
387 498
387 499
387 500
387 501
387 502
387 503
387 504
387 505
387 506
387 507
387 508
387 509
387 510
387 511
388 487
388 488
388 489
388 490
388 491
388 492
388 493
388 494
388 495
388 496
388 497
388 498
388 499
388 500
388 501
388 502
388 503
388 504
388 505
388 506
388 507
388 508
388 509
388 510
388 511
389 487
389 488
389 489
389 490
389 491
389 492
389 493
389 494
389 495
389 496
389 497
389 498
389 499
389 500
389 501
389 502
389 503
389 504
389 505
389 506
389 507
389 508
389 509
389 510
389 511
390 487
390 488
390 489
390 490
390 491
390 492
390 493
390 494
390 495
390 496
390 497
390 498
390 499
390 500
390 501
390 502
390 503
390 504
390 505
390 506
390 507
390 508
390 509
390 510
390 511
391 487
391 488
391 489
391 490
391 491
391 492
391 493
391 494
391 495
391 496
391 497
391 498
391 499
391 500
391 501
391 502
391 503
391 504
391 505
391 506
391 507
391 508
391 509
391 510
391 511
392 487
392 488
392 489
392 490
392 491
392 492
392 493
392 494
392 495
392 496
392 497
392 498
392 499
392 500
392 501
392 502
392 503
392 504
392 505
392 506
392 507
392 508
392 509
392 510
392 511
393 487
393 488
393 489
393 490
393 491
393 492
393 493
393 494
393 495
393 496
393 497
393 498
393 499
393 500
393 501
393 502
393 503
393 504
393 505
393 506
393 507
393 508
393 509
393 510
393 511
394 487
394 488
394 489
394 490
394 491
394 492
394 493
394 494
394 495
394 496
394 497
394 498
394 499
394 500
394 501
394 502
394 503
394 504
394 505
394 506
394 507
394 508
394 509
394 510
394 511
395 487
395 488
395 489
395 490
395 491
395 492
395 493
395 494
395 495
395 496
395 497
395 498
395 499
395 500
395 501
395 502
395 503
395 504
395 505
395 506
395 507
395 508
395 509
395 510
395 511
396 487
396 488
396 489
396 490
396 491
396 492
396 493
396 494
396 495
396 496
396 497
396 498
396 499
396 500
396 501
396 502
396 503
396 504
396 505
396 506
396 507
396 508
396 509
396 510
396 511
397 487
397 488
397 489
397 490
397 491
397 492
397 493
397 494
397 495
397 496
397 497
397 498
397 499
397 500
397 501
397 502
397 503
397 504
397 505
397 506
397 507
397 508
397 509
397 510
397 511
398 487
398 488
398 489
398 490
398 491
398 492
398 493
398 494
398 495
398 496
398 497
398 498
398 499
398 500
398 501
398 502
398 503
398 504
398 505
398 506
398 507
398 508
398 509
398 510
398 511
399 487
399 488
399 489
399 490
399 491
399 492
399 493
399 494
399 495
399 496
399 497
399 498
399 499
399 500
399 501
399 502
399 503
399 504
399 505
399 506
399 507
399 508
399 509
399 510
399 511
400 487
400 488
400 489
400 490
400 491
400 492
400 493
400 494
400 495
400 496
400 497
400 498
400 499
400 500
400 501
400 502
400 503
400 504
400 505
400 506
400 507
400 508
400 509
400 510
400 511
401 487
401 488
401 489
401 490
401 491
401 492
401 493
401 494
401 495
401 496
401 497
401 498
401 499
401 500
401 501
401 502
401 503
401 504
401 505
401 506
401 507
401 508
401 509
401 510
401 511
402 487
402 488
402 489
402 490
402 491
402 492
402 493
402 494
402 495
402 496
402 497
402 498
402 499
402 500
402 501
402 502
402 503
402 504
402 505
402 506
402 507
402 508
402 509
402 510
402 511
403 487
403 488
403 489
403 490
403 491
403 492
403 493
403 494
403 495
403 496
403 497
403 498
403 499
403 500
403 501
403 502
403 503
403 504
403 505
403 506
403 507
403 508
403 509
403 510
403 511
404 487
404 488
404 489
404 490
404 491
404 492
404 493
404 494
404 495
404 496
404 497
404 498
404 499
404 500
404 501
404 502
404 503
404 504
404 505
404 506
404 507
404 508
404 509
404 510
404 511
405 487
405 488
405 489
405 490
405 491
405 492
405 493
405 494
405 495
405 496
405 497
405 498
405 499
405 500
405 501
405 502
405 503
405 504
405 505
405 506
405 507
405 508
405 509
405 510
405 511
406 487
406 488
406 489
406 490
406 491
406 492
406 493
406 494
406 495
406 496
406 497
406 498
406 499
406 500
406 501
406 502
406 503
406 504
406 505
406 506
406 507
406 508
406 509
406 510
406 511
407 487
407 488
407 489
407 490
407 491
407 492
407 493
407 494
407 495
407 496
407 497
407 498
407 499
407 500
407 501
407 502
407 503
407 504
407 505
407 506
407 507
407 508
407 509
407 510
407 511
