1000 1000 1000
0 0
999 999
484 484
484 485
484 486
484 487
484 488
484 489
484 490
484 491
484 492
484 493
484 494
484 495
484 496
484 497
484 498
484 499
484 500
484 501
484 502
484 503
484 504
484 505
484 506
484 507
484 508
484 509
484 510
484 511
484 512
484 513
484 514
484 515
485 484
485 485
485 486
485 487
485 488
485 489
485 490
485 491
485 492
485 493
485 494
485 495
485 496
485 497
485 498
485 499
485 500
485 501
485 502
485 503
485 504
485 505
485 506
485 507
485 508
485 509
485 510
485 511
485 512
485 513
485 514
485 515
486 484
486 485
486 486
486 487
486 488
486 489
486 490
486 491
486 492
486 493
486 494
486 495
486 496
486 497
486 498
486 499
486 500
486 501
486 502
486 503
486 504
486 505
486 506
486 507
486 508
486 509
486 510
486 511
486 512
486 513
486 514
486 515
487 484
487 485
487 486
487 487
487 488
487 489
487 490
487 491
487 492
487 493
487 494
487 495
487 496
487 497
487 498
487 499
487 500
487 501
487 502
487 503
487 504
487 505
487 506
487 507
487 508
487 509
487 510
487 511
487 512
487 513
487 514
487 515
488 484
488 485
488 486
488 487
488 488
488 489
488 490
488 491
488 492
488 493
488 494
488 495
488 496
488 497
488 498
488 499
488 500
488 501
488 502
488 503
488 504
488 505
488 506
488 507
488 508
488 509
488 510
488 511
488 512
488 513
488 514
488 515
489 484
489 485
489 486
489 487
489 488
489 489
489 490
489 491
489 492
489 493
489 494
489 495
489 496
489 497
489 498
489 499
489 500
489 501
489 502
489 503
489 504
489 505
489 506
489 507
489 508
489 509
489 510
489 511
489 512
489 513
489 514
489 515
490 484
490 485
490 486
490 487
490 488
490 489
490 490
490 491
490 492
490 493
490 494
490 495
490 496
490 497
490 498
490 499
490 500
490 501
490 502
490 503
490 504
490 505
490 506
490 507
490 508
490 509
490 510
490 511
490 512
490 513
490 514
490 515
491 484
491 485
491 486
491 487
491 488
491 489
491 490
491 491
491 492
491 493
491 494
491 495
491 496
491 497
491 498
491 499
491 500
491 501
491 502
491 503
491 504
491 505
491 506
491 507
491 508
491 509
491 510
491 511
491 512
491 513
491 514
491 515
492 484
492 485
492 486
492 487
492 488
492 489
492 490
492 491
492 492
492 493
492 494
492 495
492 496
492 497
492 498
492 499
492 500
492 501
492 502
492 503
492 504
492 505
492 506
492 507
492 508
492 509
492 510
492 511
492 512
492 513
492 514
492 515
493 484
493 485
493 486
493 487
493 488
493 489
493 490
493 491
493 492
493 493
493 494
493 495
493 496
493 497
493 498
493 499
493 500
493 501
493 502
493 503
493 504
493 505
493 506
493 507
493 508
493 509
493 510
493 511
493 512
493 513
493 514
493 515
494 484
494 485
494 486
494 487
494 488
494 489
494 490
494 491
494 492
494 493
494 494
494 495
494 496
494 497
494 498
494 499
494 500
494 501
494 502
494 503
494 504
494 505
494 506
494 507
494 508
494 509
494 510
494 511
494 512
494 513
494 514
494 515
495 484
495 485
495 486
495 487
495 488
495 489
495 490
495 491
495 492
495 493
495 494
495 495
495 496
495 497
495 498
495 499
495 500
495 501
495 502
495 503
495 504
495 505
495 506
495 507
495 508
495 509
495 510
495 511
495 512
495 513
495 514
495 515
496 484
496 485
496 486
496 487
496 488
496 489
496 490
496 491
496 492
496 493
496 494
496 495
496 496
496 497
496 498
496 499
496 500
496 501
496 502
496 503
496 504
496 505
496 506
496 507
496 508
496 509
496 510
496 511
496 512
496 513
496 514
496 515
497 484
497 485
497 486
497 487
497 488
497 489
497 490
497 491
497 492
497 493
497 494
497 495
497 496
497 497
497 498
497 499
497 500
497 501
497 502
497 503
497 504
497 505
497 506
497 507
497 508
497 509
497 510
497 511
497 512
497 513
497 514
497 515
498 484
498 485
498 486
498 487
498 488
498 489
498 490
498 491
498 492
498 493
498 494
498 495
498 496
498 497
498 498
498 499
498 500
498 501
498 502
498 503
498 504
498 505
498 506
498 507
498 508
498 509
498 510
498 511
498 512
498 513
498 514
498 515
499 484
499 485
499 486
499 487
499 488
499 489
499 490
499 491
499 492
499 493
499 494
499 495
499 496
499 497
499 498
499 499
499 500
499 501
499 502
499 503
499 504
499 505
499 506
499 507
499 508
499 509
499 510
499 511
499 512
499 513
499 514
499 515
500 484
500 485
500 486
500 487
500 488
500 489
500 490
500 491
500 492
500 493
500 494
500 495
500 496
500 497
500 498
500 499
500 500
500 501
500 502
500 503
500 504
500 505
500 506
500 507
500 508
500 509
500 510
500 511
500 512
500 513
500 514
500 515
501 484
501 485
501 486
501 487
501 488
501 489
501 490
501 491
501 492
501 493
501 494
501 495
501 496
501 497
501 498
501 499
501 500
501 501
501 502
501 503
501 504
501 505
501 506
501 507
501 508
501 509
501 510
501 511
501 512
501 513
501 514
501 515
502 484
502 485
502 486
502 487
502 488
502 489
502 490
502 491
502 492
502 493
502 494
502 495
502 496
502 497
502 498
502 499
502 500
502 501
502 502
502 503
502 504
502 505
502 506
502 507
502 508
502 509
502 510
502 511
502 512
502 513
502 514
502 515
503 484
503 485
503 486
503 487
503 488
503 489
503 490
503 491
503 492
503 493
503 494
503 495
503 496
503 497
503 498
503 499
503 500
503 501
503 502
503 503
503 504
503 505
503 506
503 507
503 508
503 509
503 510
503 511
503 512
503 513
503 514
503 515
504 484
504 485
504 486
504 487
504 488
504 489
504 490
504 491
504 492
504 493
504 494
504 495
504 496
504 497
504 498
504 499
504 500
504 501
504 502
504 503
504 504
504 505
504 506
504 507
504 508
504 509
504 510
504 511
504 512
504 513
504 514
504 515
505 484
505 485
505 486
505 487
505 488
505 489
505 490
505 491
505 492
505 493
505 494
505 495
505 496
505 497
505 498
505 499
505 500
505 501
505 502
505 503
505 504
505 505
505 506
505 507
505 508
505 509
505 510
505 511
505 512
505 513
505 514
505 515
506 484
506 485
506 486
506 487
506 488
506 489
506 490
506 491
506 492
506 493
506 494
506 495
506 496
506 497
506 498
506 499
506 500
506 501
506 502
506 503
506 504
506 505
506 506
506 507
506 508
506 509
506 510
506 511
506 512
506 513
506 514
506 515
507 484
507 485
507 486
507 487
507 488
507 489
507 490
507 491
507 492
507 493
507 494
507 495
507 496
507 497
507 498
507 499
507 500
507 501
507 502
507 503
507 504
507 505
507 506
507 507
507 508
507 509
507 510
507 511
507 512
507 513
507 514
507 515
508 484
508 485
508 486
508 487
508 488
508 489
508 490
508 491
508 492
508 493
508 494
508 495
508 496
508 497
508 498
508 499
508 500
508 501
508 502
508 503
508 504
508 505
508 506
508 507
508 508
508 509
508 510
508 511
508 512
508 513
508 514
508 515
509 484
509 485
509 486
509 487
509 488
509 489
509 490
509 491
509 492
509 493
509 494
509 495
509 496
509 497
509 498
509 499
509 500
509 501
509 502
509 503
509 504
509 505
509 506
509 507
509 508
509 509
509 510
509 511
509 512
509 513
509 514
509 515
510 484
510 485
510 486
510 487
510 488
510 489
510 490
510 491
510 492
510 493
510 494
510 495
510 496
510 497
510 498
510 499
510 500
510 501
510 502
510 503
510 504
510 505
510 506
510 507
510 508
510 509
510 510
510 511
510 512
510 513
510 514
510 515
511 484
511 485
511 486
511 487
511 488
511 489
511 490
511 491
511 492
511 493
511 494
511 495
511 496
511 497
511 498
511 499
511 500
511 501
511 502
511 503
511 504
511 505
511 506
511 507
511 508
511 509
511 510
511 511
511 512
511 513
511 514
511 515
512 484
512 485
512 486
512 487
512 488
512 489
512 490
512 491
512 492
512 493
512 494
512 495
512 496
512 497
512 498
512 499
512 500
512 501
512 502
512 503
512 504
512 505
512 506
512 507
512 508
512 509
512 510
512 511
512 512
512 513
512 514
512 515
513 484
513 485
513 486
513 487
513 488
513 489
513 490
513 491
513 492
513 493
513 494
513 495
513 496
513 497
513 498
513 499
513 500
513 501
513 502
513 503
513 504
513 505
513 506
513 507
513 508
513 509
513 510
513 511
513 512
513 513
513 514
513 515
514 484
514 485
514 486
514 487
514 488
514 489
514 490
514 491
514 492
514 493
514 494
514 495
514 496
514 497
514 498
514 499
514 500
514 501
514 502
514 503
514 504
514 505
514 506
514 507
514 508
514 509
514 510
514 511
514 512
514 513
514 514
514 515
515 484
515 485
515 486
515 487
515 488
515 489
515 490
515 491
