999 3000 1500
1914 3695
2960 3433
205 3016
1160 4484
2536 5373
44635 89387
89561 1466
35008 96262
74885 31616
98154 60675
29440 14764
55870 86905
44003 94561
86020 3395
15275 63864
11411 83300
63351 50212
42229 35112
49330 7068
73856 48177
33574 66250
63997 91294
1658 70611
7217 17089
19607 25470
69626 88161
38946 26749
6624 21011
6302 19306
87233 21202
24028 167
35569 61581
24202 71648
46718 18990
72214 72321
57307 26625
22278 85439
14728 25743
83538 81297
52135 10850
85908 81654
49955 82924
90404 8519
57229 70398
41691 82344
89992 41079
78521 13715
62093 18340
7072 47601
93696 33158
84828 18763
85105 9006
7435 80060
16414 51783
87281 25348
6465 5349
52331 75966
94367 80016
23415 2992
28197 7821
19932 18805
76628 34852
75002 78118
44150 70143
95193 33771
31567 95353
90998 45296
4691 74683
20810 26456
16147 54154
33004 68428
47011 58525
91834 36184
23936 65981
89739 65294
63252 48125
18595 31138
20125 18032
80079 95503
84877 17020
44861 49291
97329 56019
34610 5384
57799 63508
36352 64353
71463 62674
75050 73139
73880 45662
71435 15773
20682 95820
55949 61261
31606 86161
95006 21268
91230 66472
98473 49459
95736 79320
95095 14982
78285 66828
54315 49567
74884 7923
98652 66059
57011 65437
80041 21047
77271 62558
50662 62052
21238 56860
20109 87108
41612 88082
27914 60494
64426 29982
28951 6380
75874 71842
31228 71101
5970 34774
40078 65808
41561 26287
26752 76544
60709 60199
83100 39078
7467 89446
94596 33023
86919 82357
54746 78696
55291 86483
72853 30378
84173 4524
37083 93606
39622 30304
9623 26644
43371 78178
71354 94896
74184 31889
28243 25145
41399 95745
34766 59778
52742 63537
32817 51395
78113 65805
90684 71165
8671 12944
65465 36793
56663 34673
30967 76690
34085 34675
64932 76870
67336 3992
22337 62013
57194 36166
81699 16420
24363 25873
84064 30077
30794 81456
4558 2663
36668 27513
23052 97060
5416 64724
86175 41621
33849 16041
67016 89033
36900 59676
78210 74017
23640 41987
61941 65595
15316 19192
43564 96461
30988 98193
30550 32937
68874 88625
56017 2649
57592 19242
44108 50186
41616 30741
40443 59130
12054 93328
44742 31280
47551 23423
43169 51467
54419 66842
67208 69642
23645 88123
94735 29513
71393 96408
85325 47388
45113 19090
31621 44756
63064 10667
74127 4332
67316 18486
31157 91040
48815 25944
4645 76943
72539 96399
98436 52845
98745 36889
34336 55117
17041 65603
4912 11105
17353 22290
16996 96841
48932 44964
40394 24244
25148 30047
47081 73035
73262 91234
77581 59434
64499 85611
47106 52034
92024 82681
18020 37246
83176 74537
90501 64647
6325 16978
50520 1442
7752 23146
25961 11217
62644 27672
4912 83103
13885 62317
23466 52066
22883 4076
34180 44815
37111 84943
71309 71399
74293 18142
42416 90832
5810 27320
703 48404
17197 45167
67974 67427
3217 10862
49673 14517
51659 95274
50837 67072
90722 26548
8730 75435
16024 39943
25191 1471
31552 34460
36968 19139
69072 46971
53627 76556
83655 64718
54792 65320
58831 8255
26533 37604
67409 5722
67821 38696
98862 59101
18235 37897
90800 74616
82462 40885
3405 95861
15362 60926
4232 15200
27817 17562
1510 58376
19334 66203
55400 33776
54590 94240
65347 4585
46546 16206
41349 77232
65570 39001
6604 45847
33584 89382
31662 66795
91369 52208
6302 99738
31402 82914
9113 57491
98471 78179
75416 76265
78684 13859
86384 46722
48923 40807
70870 22191
42623 59330
23618 92281
18517 41548
24724 10046
72120 86810
59885 57763
96929 29636
32582 31134
66624 62696
70324 686
91912 13391
38187 18539
92132 16398
89135 98345
84483 4215
90847 54424
69860 30162
16824 55761
90450 93506
89661 71240
52493 74201
250 4412
93045 46852
54523 62209
14820 65622
95249 84072
60192 50057
87837 44374
68819 16513
75383 50622
94411 82052
58133 34203
47749 72590
86407 99404
83974 50373
88048 94589
57783 93512
28648 37470
67443 61850
53586 12903
81120 43375
73163 96001
48373 35341
14129 83515
56087 30602
23439 1379
44880 94151
58964 55759
2068 23985
43099 49991
50360 59817
74841 40944
51583 53985
48685 49461
38306 95943
7124 73480
15937 80877
99596 39766
45038 73802
51486 68982
48507 10076
84570 99478
21425 10779
23857 59604
26658 59774
31357 65169
61489 81430
36625 36447
69400 39205
46402 80388
81450 51751
39451 58438
93225 43549
4312 38742
84690 86441
36101 86646
10081 2598
18407 97043
58228 52117
75583 75090
51897 74076
73112 79099
16787 51340
42797 10038
55556 9692
78280 12868
39428 67676
45788 54168
43260 75639
76360 71612
27571 75839
57187 55233
7123 41208
45488 46533
83697 53883
9245 35839
21172 37731
48603 42384
10036 12515
80113 758
88085 62472
33163 14438
46378 45043
25421 42678
36675 80783
3433 91921
57774 62106
30887 57391
75901 562
55964 88995
26042 26465
57682 12869
22585 34136
58092 9296
37054 31960
62126 34583
10116 22656
58021 97672
57313 47935
69999 56319
9527 78932
18378 25757
6525 65281
76443 4083
77727 93457
47272 58559
23373 45896
55327 27322
75765 40004
69863 95330
40072 20230
57429 10667
39010 89347
48704 69003
77760 79806
37751 59263
75762 28723
57905 2660
18288 59338
34294 83427
92338 23055
80381 39280
26728 45679
28282 62805
14380 15567
48961 13447
80892 6499
29504 79762
54317 14796
28801 82649
71185 84632
71361 84357
29412 25127
56361 95781
83311 30842
32604 57226
17000 26442
12708 45962
60157 52220
88752 80203
40146 39275
41062 24923
55252 69213
48185 64498
8186 71148
71669 14441
4124 30894
94981 61184
83071 2834
39844 61873
93123 32538
68469 32218
63367 87630
95724 5574
89955 36752
90273 59429
10382 71669
8529 70112
77331 11093
92309 69395
35682 32547
33734 27756
31993 69701
87022 60504
11057 47388
42932 7782
31339 97332
38566 37759
87398 13292
580 97187
56696 6781
89317 79680
88924 93219
93885 28855
35039 25213
25503 63014
47956 60379
9430 73451
99874 46304
74842 61428
59549 6063
14442 39647
66227 55045
28485 64284
99980 14490
39139 46020
67743 44859
75251 91541
90573 64525
41199 61672
43503 27358
39063 53220
57699 75889
53447 95199
59840 79314
48012 12696
87380 19301
94721 83401
17693 90943
92225 24429
59105 81727
74877 13086
30001 96253
90903 50308
43271 22447
71972 25365
38980 62764
50896 74803
50572 46587
42892 909
98421 37240
68798 27252
83675 41516
74804 6088
16984 68851
12986 23154
81710 18776
14416 23977
24508 10889
39917 53760
10894 45581
76680 35105
6065 9026
77327 62318
48463 33251
40657 64690
8822 99099
84765 92328
8556 38294
80892 39378
95038 40152
28133 97564
36413 17475
4649 58831
6788 14009
5963 68163
75882 13445
45626 35349
73628 52976
96741 36612
94132 22006
45913 32717
74933 80644
37840 36985
8216 56506
60479 3792
54042 24124
19853 32394
12570 47716
88503 26992
46227 86712
69243 81494
67274 93953
5008 15552
90630 14691
25099 2829
91850 22442
57037 45760
18595 13143
87103 21194
46412 89999
32971 82468
71271 49867
6828 77590
47539 18928
65568 60323
39728 22956
28284 79432
9515 71747
27656 72558
37479 51798
77536 19896
46273 38470
47124 5321
46971 17035
59767 78600
91251 42979
37136 74244
77808 14111
76909 78933
73719 69443
52042 8978
62287 59361
39111 43600
88973 56750
90327 22498
662 11040
31380 93690
81026 1476
47247 44399
58090 74841
15740 1257
1903 30458
26558 22767
95417 94716
44173 24192
94684 25087
93155 76452
77549 8896
16055 41438
34709 62421
80973 51713
87001 1252
19687 63612
87995 55456
65303 17991
14720 37547
480 882
57423 34981
42205 591
18857 8282
80970 20481
1464 14269
33888 92682
12345 38559
35660 69748
88660 75995
61388 79837
33065 67352
12742 22030
14532 71262
80673 43875
41962 56773
91312 83119
31857 48999
59339 66209
64942 13442
56548 14588
25749 99337
79179 15782
2234 79259
60254 12299
71369 17367
60285 20291
73263 47518
99103 70483
7947 53422
41120 24941
64790 2152
71518 51917
81753 33996
25200 89648
63147 54500
83496 81858
83398 58610
48871 1271
20761 46878
46990 29822
41112 3039
73121 52807
24996 14287
68302 58916
86236 68878
91035 31172
57345 78048
92638 53470
58037 96081
34350 72433
33018 64543
33506 18165
22591 47807
72360 35394
16311 89115
78074 13080
29134 98883
59818 24613
98591 57137
6149 85912
98838 3405
54434 28448
69964 4299
90165 3694
56250 13461
48585 13568
96837 56491
84245 15252
17316 78009
24457 76537
60188 67679
86168 68353
58432 64134
33119 74442
16041 15429
43756 74022
6036 16259
63814 62693
43226 44442
58432 11007
17278 99516
2484 41582
16230 51028
25531 47703
91884 95181
82289 9497
79346 83697
70773 55661
25958 82971
64084 66353
13111 41618
96737 33781
4592 61982
70100 11323
91457 75466
16074 23417
98052 92971
19307 76775
21129 27597
38850 76136
64154 3096
20743 96686
35276 32522
37342 64106
57057 56462
46000 89782
59561 26945
301 62728
25118 74871
90766 2240
7494 14972
11755 2291
46228 12952
58196 46435
24875 1268
42461 58521
51753 83685
62016 68338
75250 78055
18142 49444
44082 51132
40496 28747
50573 40933
19345 4185
74076 80309
68712 61400
32940 60493
74835 43575
333 46972
99867 45132
13117 97502
14144 77544
87257 44059
98850 30646
22522 98329
73795 16986
44850 10339
74078 22606
79584 6074
80829 32615
85974 43920
87890 65212
61190 19115
99333 99863
44932 65621
90760 98573
66031 26312
88913 97897
62892 93857
80078 54329
64094 47414
99906 90757
51955 64459
27030 29651
503 66769
2865 25537
89563 28461
20110 50937
92660 63449
88842 25538
71568 67101
99273 31681
36200 8098
77256 51991
36673 38409
83940 1396
63296 68702
30050 77082
18941 67081
34677 23315
93849 66996
53450 82898
54149 40886
45211 97376
11003 75347
74404 86899
57045 50128
89326 31181
66982 33822
84410 27402
59421 36236
78871 36676
39283 59599
68815 30006
37055 36085
95113 98312
37352 64193
22027 48893
38474 39473
99816 2958
87857 5250
9527 35439
3710 98150
91056 92104
46690 15963
25891 91590
9813 12510
33923 73724
73833 32214
86143 90836
86993 72649
11577 69996
3227 93357
96973 89169
36421 51272
92798 18142
88499 50513
50676 67572
60091 45066
74744 74124
95798 57730
61849 43159
5243 40856
79947 94876
75756 53033
20346 31344
52571 67234
89654 50946
16323 48831
31516 37652
32611 72354
40427 12887
85239 67968
82814 48935
71063 47266
34685 18390
95107 73986
57442 33917
95192 29921
93707 32247
24340 53635
68999 35100
93662 65192
50501 44122
11689 76053
39975 49765
86291 78752
81053 9126
23183 70909
35812 12025
61935 83366
24503 65823
73183 13488
37753 12473
19802 74842
93873 10502
45276 98359
94575 45531
68906 50684
43158 77886
89189 73097
481 57138
44606 17904
64410 93479
45363 2610
66916 35798
73509 16035
6281 32694
96411 18133
80644 79727
60673 38429
74838 66770
43051 43329
58958 12542
26887 156
74525 14487
71755 88976
62139 67226
35366 48680
56166 13473
20300 468
22038 90646
41776 71891
49844 75473
45219 17214
18481 18431
26517 90588
83461 33001
30765 42423
26762 6114
51231 61861
68614 99273
71525 37713
70586 76837
45190 9596
79814 12893
22518 53702
89185 40425
43537 89601
12228 73060
76182 28944
21153 62358
48943 5563
69638 17568
54572 9653
61778 82580
80030 71548
35568 63001
38400 72109
20308 49516
59024 32056
27159 22095
342 79760
91330 4885
2530 9616
88508 43902
57453 66506
80850 41877
47997 45992
39995 37252
10351 10371
94344 87498
86203 22230
23599 46189
37203 1120
56807 7811
9180 86598
10266 86649
69526 88647
13518 78301
85635 63210
86166 59357
44740 91910
34846 8835
70091 79542
49549 88676
34972 8657
18706 71510
28554 26709
45539 23499
38896 89698
96166 9939
98296 88588
89533 61301
39884 64363
3313 8653
11216 69891
85263 27348
16844 44306
83680 91240
42525 73711
14522 91638
73652 47330
65841 8641
81825 21163
76173 75597
41849 69626
9965 36902
86475 57793
21726 14594
39833 22002
96984 15870
51404 90468
64623 58267
39771 42228
79760 91157
88141 76010
98619 28967
32162 71021
6076 71246
78670 19973
42207 77936
58724 83695
16843 36010
82110 76174
24910 12415
80066 83515
2033 97461
30256 16465
12895 83762
14829 95671
58068 86314
80707 12229
47454 32731
50479 12655
34699 36440
13768 21722
26784 25644
52083 62681
51495 55826
9267 33817
28656 32378
46479 72668
85497 95045
93004 94110
87280 13514
50539 42896
62356 19760
5425 90450
59879 9689
72816 23651
27293 75043
35532 593
38635 8166
46147 81344
