200 100 50
97 558
52 3517
90 1069
1 622
21 2725
47197 64412
54910 91172
54848 98235
36004 27984
90691 77729
31806 29215
99353 80553
35501 77931
43726 81533
28294 22566
16688 45699
5536 63703
42234 77398
68101 91394
77454 77016
14033 65330
50313 2587
64661 58277
18052 55024
12258 15710
15077 55426
83339 84641
96129 51002
31252 60201
45090 60023
20760 20366
33592 88748
76921 94473
93107 64536
48495 5024
15005 10906
90828 981
45582 36564
31568 19566
63395 4534
97466 32931
56375 64132
17521 42268
26549 58643
39790 12852
55834 329
74285 39422
53981 42020
24412 82586
18378 95029
67208 82594
15057 4535
73793 19136
56156 20807
33724 93707
14838 72029
72667 72241
40885 21778
79725 61540
39734 65043
67855 24596
76925 16183
61081 9640
74054 75498
87552 49347
98537 46129
4952 22679
92258 40487
26386 85644
83922 15653
28937 30322
49373 59435
55288 21726
286 77216
13733 79790
3419 38808
68504 79522
88006 25858
17340 80074
23670 72212
33503 20669
57274 73553
8032 32606
62355 32721
56289 20040
5785 39509
92688 14138
95687 74922
16558 40765
27011 9253
73235 22712
26317 59366
8286 15311
94630 28200
32723 29668
76467 27383
40018 77356
67355 5955
68442 32346
51896 68846
42460 75260
65968 3681
50486 20122
15847 35605
77345 25073
99147 14355
47015 91954
69744 48168
27164 13336
67837 36479
10588 76368
7440 85997
50306 69363
5308 73158
56003 26457
60625 95224
38431 99740
92366 31295
85002 9317
32137 83660
46396 770
87150 481
18516 11368
99577 58360
57812 95015
85117 18767
42837 16367
54042 89517
3035 67221
36802 80668
64884 56062
51295 66677
5279 7669
5151 18938
95623 67472
53597 73955
90311 64007
39911 2730
47888 13560
82060 91900
53714 89424
80669 30688
96875 10653
98139 85984
54799 29394
86938 72408
12218 32386
60779 51163
61936 38009
63579 82490
96789 36317
46885 68280
65635 34582
76023 46823
30958 16483
22610 49379
83695 5387
14973 74629
16771 4424
13357 74557
33530 16536
83369 49449
73147 4654
47580 30260
39229 12739
67864 12054
36915 68853
37994 6005
24874 87454
93958 33529
11256 77021
93908 64667
6776 77661
85820 82105
86877 60887
95465 97930
61513 27868
23378 20497
80431 75832
28504 98638
38468 17249
71056 99942
43743 24490
55409 76697
52061 94770
93699 71264
11158 35692
22326 50509
38526 9941
19084 95455
97954 39735
91686 940
22626 28901
4862 28127
81071 36104
61619 69101
48095 24869
29518 2404
81299 38390
17725 150
