1000 300 3000
152 6725
218 3869
166 4538
86 7709
46 7140
53930 59627
23101 17487
65836 19960
90103 39007
65347 52540
61186 26254
26408 20514
12553 79805
50560 52749
6737 52500
4599 95513
97787 53945
28769 63244
54552 21823
70746 68570
82420 79225
31047 97977
94683 22762
62985 37590
8291 52608
19082 12270
46945 76394
44038 80340
79996 77464
52025 59779
26683 60546
38188 24417
49724 13617
97661 72761
95774 37448
34714 46931
66636 91585
79952 99482
9346 53154
55195 49760
57367 10803
6530 68109
24319 62580
91295 20913
1832 82246
25255 82947
17531 64577
5941 91833
33261 97927
30045 22616
88055 1661
36341 36643
42858 53980
55814 7976
94760 64503
8449 73276
99086 94131
19837 42304
63166 8267
36467 99833
75256 85888
85345 93533
14928 91606
3249 18206
69675 22855
17395 95860
864 79521
18048 1327
83462 30907
2971 54241
18332 2954
5731 855
43692 67985
96991 52172
2213 28133
96634 87190
74819 61477
49847 49722
22303 34772
35984 28454
7253 70674
32555 39566
28448 17972
4113 26759
74685 77245
73398 17998
88769 56365
50306 72806
29750 86417
58321 14332
12858 17554
37758 8299
24508 98623
18600 83870
50440 48217
85197 3157
3798 3851
88842 5528
21102 78029
82014 14684
65578 76819
8164 70559
77959 48384
24480 45696
41685 94789
53475 29657
74563 24474
10349 50786
33309 38114
80293 53981
50863 18324
29103 7563
17877 64322
13816 57027
45699 65954
47267 45596
14682 33718
45643 97459
20562 87950
31854 82964
73195 21325
74542 68486
96160 33365
53108 64602
12612 58144
22688 96922
71870 24560
72455 44607
91117 12181
35504 95188
37490 47448
19806 31050
45820 36233
24720 86627
23426 86290
16371 41551
57344 64331
12237 95207
53331 39781
55952 39518
16114 65322
59172 70998
44181 44711
87764 33649
89818 56248
84047 51749
17942 55193
85069 53379
57308 32693
19683 46071
70290 57741
33503 99616
41946 71691
65749 74834
6590 8598
35250 6877
37539 41294
38538 12529
84638 62165
73392 38140
28486 90635
33766 81259
48389 81936
57685 38284
27131 18582
96807 46636
75169 81132
46141 51134
66185 66265
285 55248
6535 53823
47629 58596
98966 12096
93137 51100
16246 14872
3782 44683
334 31995
46009 5779
61905 69098
34134 3111
72327 99848
16672 43408
60863 81422
10140 41999
71518 7493
41659 82873
39542 80592
30417 73901
773 85783
41123 67957
53363 16868
15060 86536
99584 35309
95222 60828
55397 18720
44173 48026
51493 68985
85360 22315
8148 56260
87173 57024
29457 48712
28546 90917
24811 29312
4518 30237
88744 87824
69579 55673
96618 79768
18147 97006
17193 2696
30645 21573
7676 3800
6534 86227
35037 45953
45488 12122
34158 14708
97376 22062
63938 65480
44019 12191
19212 99148
84132 99444
71694 48374
79218 42456
20883 57077
13673 62535
40151 93177
81394 25078
25659 59288
16267 51317
71670 7014
28910 22984
77538 2209
71445 28530
19970 55247
23283 50813
67432 15184
62983 46955
25312 25376
73706 78063
95343 98660
73452 58025
29195 40586
63077 45803
72029 43690
31627 257
44466 95961
69442 6256
67007 53294
91958 45738
14191 46688
7495 35560
49103 1214
96524 42136
83931 92359
68086 7535
59659 9564
81729 95382
74717 87459
36630 9785
67407 62221
75316 2382
26525 12051
41937 31567
76318 95069
14814 93302
52420 87758
53108 4030
12469 1226
96273 33937
50462 4958
39027 52214
91612 14762
49926 29033
61107 68733
48410 74373
77740 88434
81665 35358
12094 47781
6272 90791
26722 13160
89066 12474
23478 94398
35283 9337
91646 1291
84337 54792
28250 50250
25397 67411
37487 89227
24159 31312
34784 52654
49898 10470
10044 59111
99345 10719
10935 40977
41947 9009
88803 66057
83295 66340
71627 25726
52046 27897
60696 91762
40161 79336
67825 91617
49328 61696
79910 64506
72071 99870
25174 31364
40876 37958
1186 95262
65859 45939
4252 93484
40781 89176
88504 12224
12514 7402
73885 4224
29530 77686
20352 90741
29771 24938
30969 66815
44516 12606
26977 51150
35478 99956
4226 28233
8610 48452
4812 58625
49178 54377
39350 6700
66793 93508
1581 69222
30723 78306
51107 83902
50101 59372
96330 94610
99003 34676
78402 53818
11265 38498
5321 48043
48991 68957
29057 76853
3391 21663
55975 15915
1528 85792
89134 34636
15791 23736
76768 82233
14798 13018
11392 37005
63946 18915
70729 10753
13492 90301
21186 56574
70052 29653
24405 58483
52532 90449
61467 73574
26356 98537
93092 919
61016 27087
23937 39778
88993 91482
79936 60348
9711 18041
63800 95915
45368 22735
58660 6441
81823 17178
34860 75049
48014 23892
72256 54143
13453 74441
31327 74629
73681 92888
48302 81153
70194 81797
94814 6214
1162 63763
88010 80248
15489 52841
34565 22850
28487 55240
61016 64261
83530 32638
42870 46231
18971 23984
20676 11293
66925 20953
55640 33875
53091 53104
29066 76367
18453 68713
81300 4471
17274 80551
9498 40235
36219 44126
44376 60829
5226 70186
7225 58612
52049 4791
937 74370
93104 98871
5716 48429
51855 98791
4034 34298
20899 26706
39107 36991
28970 14442
32495 9364
22708 49515
69094 72399
50519 58839
95853 49077
62007 166
35555 22993
87130 84404
84184 87488
78762 90771
59912 34451
10568 8719
46444 34167
18412 85751
9719 37762
69452 86673
17807 56413
60671 85467
43167 61512
74763 2756
19653 96026
92934 76444
190 1025
20593 43668
45269 53232
25918 46218
43974 83420
37519 11150
19088 35127
23803 19807
69086 82143
20999 37298
67885 53808
72570 57788
44118 9428
14146 23590
15538 51401
8013 21992
76093 3431
13647 49972
29088 52638
50405 63602
68419 5964
48077 85215
49053 12370
1654 89994
45761 53260
95122 99285
52093 99666
39974 33028
8949 46234
91317 86072
62165 12612
12347 88689
49383 49816
89908 65111
41691 98148
46708 32288
2017 33729
40950 96449
62909 82704
34380 74029
94390 32684
53232 90551
59733 17993
21087 46537
84416 35788
24128 34325
38777 40890
17031 60892
22208 43575
38070 43568
2595 21609
25218 22583
95066 95279
20795 19222
50251 21632
84333 78546
76175 57290
88349 19163
91122 29674
2318 87352
2800 79783
75733 80613
5048 81445
93587 26214
26741 55110
40134 27853
60502 22226
44134 57329
47805 98163
75742 34837
58632 14678
74509 9077
95503 30232
17102 64759
59017 57564
43841 12123
82865 32388
71777 25860
34668 12021
22715 4500
73564 16923
70128 70042
42397 90092
1485 89727
43749 21718
72828 62619
13511 28556
61662 19056
624 20840
38780 84697
860 7071
7735 50004
40788 96930
48286 61234
60940 38663
5600 62798
12669 79956
32803 37623
33119 69604
55620 84852
96145 2299
72966 93114
82518 62566
53067 99643
23850 9632
49404 39524
11352 587
81765 58114
94806 83623
65171 60135
83131 82443
78685 60706
57713 53884
28422 6389
19770 26004
22249 42296
7045 71102
49259 47300
51190 68533
58758 75905
3771 51444
91278 37278
50544 10785
74287 41954
96251 62425
44394 20707
71003 42426
15663 72847
4 91512
96845 75159
97098 9415
32366 82192
2707 69813
99581 23733
87081 11835
4940 32276
81672 91116
15235 83621
45940 3712
71653 89672
61178 84957
45303 24809
28361 24955
78098 54733
34668 15162
15470 33482
27528 78551
85904 65805
64448 63768
71153 58493
30170 76173
20427 82158
48770 57714
77613 60141
92506 34001
63512 477
11426 18606
79788 92962
32315 65531
87376 4459
32083 95265
31647 47956
25380 7891
72300 63700
44636 46029
21712 14748
5608 2969
4879 50328
27237 47658
43655 77307
30962 63787
32489 59551
42072 90049
28715 63566
33404 81201
66682 78091
34989 8116
94946 41916
81631 26074
86748 59240
2764 22357
38508 73398
47049 92386
54031 68461
43876 73555
32477 91551
25012 32322
62979 57557
46565 73679
62315 41975
49789 85292
34279 97491
81934 90812
10708 38204
53579 45365
58612 49030
16265 17871
6957 54586
66407 67202
13520 21593
27180 53396
90636 30397
66506 56195
14334 93824
20610 64459
50284 7055
87734 76939
92391 41926
53942 61636
13972 69675
63796 35459
51751 16981
77217 65138
19395 78586
53802 73007
39587 65706
8012 69997
32360 16757
77952 76011
3928 90862
10867 65591
47249 86950
82742 58451
66604 58012
52530 15159
1321 31255
68360 38592
61370 33282
17534 34798
73949 47836
34704 96784
48391 64054
77667 92998
50288 3351
17076 85635
23358 75499
22399 40203
21277 77214
68222 59639
16786 26108
23217 86080
17597 56837
46100 45280
20358 60678
74957 95565
88077 51474
24769 4852
57248 2242
16215 52720
41380 6868
85204 57789
61518 15061
29935 55325
55487 25839
79463 1425
31077 67508
43366 6245
16621 1270
43766 30180
23344 97848
70772 10473
68909 92450
76240 26079
9087 32098
10260 82896
28898 46515
50947 45649
3266 12036
10083 44756
32175 6487
34746 81863
21418 81879
19276 56077
69956 29387
37613 80747
57687 28680
18327 82015
93309 18064
67331 96900
34949 80258
91492 39027
11600 39243
79738 43628
1376 28708
69367 82386
4673 90182
32901 28103
86338 77886
7689 23116
22043 3534
17308 73811
37842 99638
80578 86729
33459 7199
99960 75971
3495 99162
93526 66976
68469 44049
6825 8712
6635 44935
72553 65121
4420 37324
58372 84267
40325 37471
83441 48171
89466 89040
13104 40762
32660 36759
88757 73256
36512 73992
32841 85554
23890 13060
42526 35867
89009 87500
43985 90414
46117 52161
77742 74093
97582 90092
25293 16560
34047 10483
30091 56524
66742 52641
59147 36364
40803 82074
65112 41218
66602 90428
47311 74273
8361 13309
68831 26172
56475 57599
397 37435
6688 25071
46717 53863
16050 69125
89381 53736
88704 60144
59811 9848
65923 44503
74002 81124
26616 78778
72692 60664
65118 1869
27575 3275
47841 39421
79467 115
49002 57362
66760 54735
78785 72388
76980 99165
77327 52917
47645 97959
41097 53203
4714 68348
89809 15782
60824 30683
88506 41720
182 45869
73095 6552
72702 37421
76620 48949
14476 8278
70964 47115
14777 45914
81847 57806
92978 65338
54506 13185
65951 91890
35993 84903
76554 73493
9239 6451
44893 35325
98726 25250
92559 2855
91194 42311
56724 95328
3685 85499
61136 99079
55577 94544
25996 88074
4551 61623
57723 37327
74854 62266
95808 70073
32738 63008
78239 22716
65562 99115
52580 56670
19873 93147
98790 96743
34098 4135
39413 53693
39965 6942
53524 34417
26714 73769
22503 61764
69090 26527
69504 34285
35603 49385
43981 8662
25711 89542
84575 34424
38144 21942
64884 52604
23581 46342
50398 68226
4059 86108
11142 40786
34198 71412
73184 13211
18161 42751
32183 84477
46359 38632
69157 95973
48161 47955
21390 80017
11116 20876
49640 86902
76654 44979
22751 84860
2258 34606
81159 16157
47065 41006
18617 25542
81183 73694
33872 66030
43208 87854
71143 81465
19579 84932
66368 55053
38880 90038
84944 86171
25898 54341
35892 36794
26869 52233
19273 97252
48561 60866
91965 89908
57408 5966
62882 15826
34235 72597
89768 85416
52823 5117
37723 10148
49518 28406
15851 65865
51114 28781
11635 99152
13862 39331
7280 30726
67765 52094
18694 68092
71886 75363
54506 95185
21411 43191
74035 65399
93662 785
60419 75867
86425 90098
53218 86092
14863 73853
51191 41893
44019 79902
45969 41237
18743 426
99204 90356
23540 83413
39630 7778
27965 55662
39154 99522
77013 16009
63180 267
88468 81992
53219 59128
66476 50139
67885 20898
37112 82643
32706 87736
41383 98175
73486 91767
68382 58700
53691 71428
9424 55898
79 81287
63629 35259
5735 5385
53389 98431
42033 15128
1702 37530
95138 29758
82972 70717
48795 79271
73711 25784
40366 60119
73100 17143
26947 90457
91458 19850
42160 99791
95876 93971
61763 90346
563 28815
88117 20099
93364 17602
16915 26237
10262 251
98276 37635
45784 35723
79797 83095
17706 4296
88216 28141
13943 17132
79998 91640
77606 66746
77223 83499
49011 90073
62657 3347
34724 41026
41769 87423
10427 52329
7584 36500
97899 83878
32761 5813
99699 38685
8673 9011
30264 90432
49687 61265
19000 63438
51018 89451
32945 87325
89280 67513
9910 26160
30869 86731
48409 1431
10912 61795
16350 8510
67107 2638
66494 23978
36332 88382
41673 49317
56243 87531
63058 73402
5484 36221
23729 7185
44891 10100
17748 18286
51456 18298
59475 47058
95555 74637
60009 15620
1823 31513
25383 45805
21444 78063
86520 90916
86574 51393
43562 22186
84824 49909
96817 84975
68421 55913
38153 37732
22311 98900
83886 35915
68626 60248
6924 48165
1649 65396
11415 41543
75745 3745
82716 62587
5863 46539
53212 81326
18766 21410
68997 83539
26660 6087
87615 65280
51197 99116
31960 58513
