999 299 1000
289 4726
223 3978
179 4417
218 1247
89 2002
69650 63998
40242 22971
32927 19567
376 87041
90135 33050
72694 64454
25731 96102
56484 26674
55469 63420
16046 60705
90529 98598
95042 41166
57071 82959
33118 47318
2829 66180
743 57672
11767 79790
97776 84856
55360 89822
54043 97512
25819 32968
24669 86748
82060 25753
49650 58361
21162 55572
68305 93229
71816 28476
66143 25626
42491 62371
32853 32559
9177 24826
2410 96740
74778 64593
46256 70076
44352 66998
14682 32109
95352 57458
49940 15678
16669 41907
32435 4224
4362 73089
56735 39041
102 90696
29650 53805
81042 55856
21022 76789
1923 37348
74477 49769
54302 93535
8764 26195
54485 12642
21218 84563
31378 12712
89941 9024
96511 24525
23009 25657
83607 80586
93304 76759
94111 43798
55215 16801
11861 55489
40189 45763
30602 12437
38499 31858
26266 45846
56356 11954
4098 58155
18677 40488
73233 21841
40377 32976
74248 99294
83600 64111
86890 11988
9534 37454
96971 14211
85468 98469
55587 78924
34301 43761
19618 50680
7821 5956
84564 3221
54176 45529
14605 8167
26955 32410
35812 96702
14801 52534
27216 59971
18024 94823
63784 85016
86591 6476
19155 40615
90156 54018
1193 32436
58105 55847
18892 19038
7360 52826
79056 86132
89322 31122
14397 46394
59340 88516
85104 80003
97093 61309
78767 53892
26332 94109
97816 79848
88611 72625
22292 44555
91406 33773
57858 29496
11491 9626
44490 848
1169 5791
377 19534
26449 12514
10252 53568
22049 93070
88191 80288
99203 3635
20041 24940
17788 39751
86920 22128
74232 79064
51245 83414
85433 35317
61614 84159
98719 49717
50647 60716
88973 1722
53548 8694
94038 59156
20209 46775
48048 81842
97419 64155
78483 95959
56358 19972
14455 66798
17785 65354
32878 65895
62232 38047
38403 913
32250 78419
97675 84291
73204 98671
51765 80955
74534 26551
86366 72548
37084 86458
58862 39249
65502 32123
42010 78501
77441 55185
40740 70272
38437 88778
27822 15427
17340 90128
67330 16373
18717 89504
10417 80892
19069 72061
54779 32482
20308 86639
33543 48779
66078 80593
11452 40889
54453 65380
54749 91413
96273 69299
28512 19902
35651 87373
90742 40953
60326 19025
67204 61087
4208 82772
33632 11774
4888 38147
27827 4034
6961 32813
37429 83443
11071 6952
46302 22733
27046 69175
72154 99822
22059 12070
74492 76043
1567 38188
93201 48146
14182 69199
75928 28541
36172 9332
86807 36126
91579 80393
84364 73535
95656 38045
43573 25715
20564 42401
68788 42527
20284 73628
18747 54853
94502 51720
49475 89551
28699 47997
25103 35095
57264 93215
47095 88737
95825 54559
94023 5218
2007 9978
11609 94824
75470 46089
51292 34915
24695 8504
80102 15738
99166 24351
62971 98071
57544 36434
10363 49864
24807 80823
17580 28372
75358 73137
6865 34784
57489 73586
34225 56176
87327 71133
20211 57383
50483 53237
65638 73032
92691 20281
5419 21610
43676 76891
44311 15525
55480 3485
39442 60029
15844 92660
63816 54368
9920 76697
7056 56193
15919 71940
46515 51200
15353 27008
88425 56922
44993 69976
11760 6824
30233 73119
21364 92454
87572 74534
65074 49403
18923 17687
21106 1523
69852 84813
59365 60465
9783 23597
17816 52302
72498 64883
11918 76428
80062 51311
92296 88732
21716 28880
15695 98815
54523 56885
6110 73102
4645 39827
43687 29037
6840 73879
11220 30658
3938 4883
41183 16539
78231 12424
28622 83941
70414 84019
32667 64152
37533 80318
60495 65243
19985 74994
17525 54804
83178 3436
37724 47807
63033 74185
80601 94396
14245 99028
56855 8421
35363 14739
41235 23162
16843 71306
43735 70283
97937 11403
82143 57949
72416 42020
15555 37932
52102 9550
85880 56441
40811 77966
10955 12886
59556 47624
48448 29619
92696 74663
34822 69316
25189 93115
37468 91209
92104 12179
36258 9060
41425 24116
93908 99748
61343 12194
94888 53453
86291 64847
42009 79768
55531 84610
93536 47966
16906 55499
18584 97792
94275 58488
56998 11676
78051 27587
39015 49739
69344 21921
78517 27923
67187 60608
5850 90015
54610 52281
41085 10791
31415 66731
19614 851
28936 65743
20763 29144
81278 92324
195 81195
56658 56349
43187 39051
37931 16270
62859 78560
65838 6337
30764 48981
72673 83776
11782 31083
25567 93168
48670 20545
85549 87980
78660 4107
65298 56865
70293 1281
9657 28454
76661 94573
94746 92983
41092 1040
87215 49971
43436 32891
51682 98837
37687 97556
97311 41030
30235 77304
22383 5494
52597 70181
19778 44959
51255 722
77429 49690
86842 30506
95371 42447
73755 92845
68990 10410
14854 50189
21491 51341
59598 10603
74849 41041
11338 85130
6875 37624
17982 27341
46293 92778
50785 33616
18095 17197
30994 58580
54579 43896
61857 36779
59787 57654
11539 72131
57483 69466
28372 97687
40746 29310
96646 90717
20527 35518
79844 75163
68208 52668
51975 91679
51070 77470
56317 88084
17695 19229
81282 2526
50989 69393
83334 54390
80757 52846
10373 31495
46976 6180
7673 8841
71188 69073
55635 43804
27828 11355
81766 492
25517 9979
35684 2117
17020 40968
98909 2233
79927 33954
44015 62101
55355 45585
8349 69073
68375 78026
8589 85205
70574 81584
10246 12217
69222 36489
17723 76900
10426 15039
83403 53185
16653 93706
18047 66072
17534 40978
3957 47673
79695 44578
79783 23486
2795 40818
36296 91825
74986 81760
89372 75359
96155 19883
2044 46267
49894 27267
18317 13606
34999 7935
63306 75720
69555 44286
57037 97008
47626 87691
40678 93394
69953 86338
38460 14952
47016 61106
2320 16197
66602 15545
53997 28778
13131 91555
12970 77988
30119 9836
30382 99096
9538 62070
91092 93330
51451 33103
60206 29447
24220 71603
26441 6342
21959 88250
67718 45937
89782 48019
36993 82976
11859 27442
9986 35393
13652 14696
58801 69743
299 35196
44653 68025
74667 55085
25514 76145
32102 43589
18705 93933
70810 36247
47909 32851
69548 53303
17216 74214
30921 88681
55476 76123
87450 8502
86494 61999
29795 67957
65768 42231
57102 11050
57001 80836
3274 792
72632 22230
93977 63833
79161 55259
83948 65021
67233 30013
18728 34224
18085 50902
58352 16792
73494 73700
662 13722
37473 87971
71715 49517
99749 3773
98664 30488
50731 24239
13609 21152
56306 49067
82054 92251
22406 29507
49857 36840
71812 97546
59097 44113
39655 26748
99899 38865
47858 77169
45549 17327
84777 89934
68829 2371
45097 24382
55793 35418
11772 81050
91092 9902
44734 46153
40150 34609
46649 12268
18929 28851
28341 13158
68488 44465
93900 35650
9789 44492
84844 53242
82052 87331
81415 2881
35905 96503
52583 52438
22136 73668
75449 16460
78104 33235
55250 7484
77650 33336
35881 36867
97412 97965
95506 17526
13136 8721
54872 92359
40741 27822
56530 9450
57350 94900
83903 10741
68016 5904
84707 70470
2233 3788
61906 54069
59472 77173
62732 15818
15705 11118
4205 60675
17055 57273
22296 59588
9726 95002
50713 51158
20055 97171
51841 57186
85249 88857
34471 99869
30505 55640
68629 76486
29908 30832
35345 45049
35974 55953
72652 29644
11655 71771
98236 83054
13456 39066
91582 27715
43667 22989
99353 61332
93702 43525
93691 35260
84695 66366
71545 84558
21065 23723
10846 55678
42494 86851
11753 18581
47405 72135
19160 13837
95605 99135
56398 43282
86307 31300
94092 4377
88351 88884
69725 1288
32160 62237
98488 76362
16106 37090
45418 15986
62997 25583
35539 81952
57233 68813
94736 36203
11563 9617
796 35366
56865 81451
8400 45536
48499 91476
56141 92585
79867 75657
76614 81498
49416 85045
13546 86990
30951 99762
85422 37021
15520 10205
86189 97081
31742 85212
38106 66353
56303 14846
41562 91176
50838 46000
93101 23439
66752 71957
76825 10719
71908 61845
55869 71696
74441 51650
44343 64655
47317 91006
74333 61459
80983 32841
33934 11488
85160 84811
94842 64898
79827 83118
54022 68825
75841 46247
82549 37159
24306 21502
29952 94864
56801 13449
53271 57587
72775 58413
83823 49465
10570 91530
47201 97717
90454 44242
33245 65077
79797 87404
31125 30281
26564 38150
58927 83738
8469 47650
96990 3430
54387 73255
78611 65343
31664 90790
20324 29970
24205 17204
9524 89298
32583 14634
8428 41175
68509 81742
52014 58798
69438 97033
89373 17223
66557 99970
782 17514
26180 85648
22622 55766
58194 62344
34392 66296
95601 80278
94220 49044
38596 26356
70821 28007
73499 23071
89049 88458
15707 6684
30067 39615
49183 48676
52045 57724
10271 56231
50415 46388
36518 14824
34810 34386
24292 73658
81630 78022
5449 68565
74972 95923
23433 21019
37523 6830
24522 65822
49214 8819
81384 73480
50519 54506
81008 78879
11601 1234
4108 13032
8672 48349
67463 8502
80764 24124
22217 68199
64947 6478
8060 33203
45943 27248
5466 22097
62916 583
19190 84882
74440 39199
53992 73884
3865 45150
4708 98921
65788 4375
24014 7553
68004 30771
44034 15093
57447 5257
9465 83137
70155 27588
82604 72913
64420 44961
9221 83956
91255 79147
7578 86313
12893 46985
89410 21438
68764 82382
91909 26238
90689 87336
28077 60536
78807 70342
40824 94475
6796 77121
10791 7912
37021 88828
65998 87123
95112 15018
46559 92259
27849 85057
4890 4126
68925 32908
69482 72995
8877 4741
85320 16110
964 90693
53012 93728
1130 53381
44026 74861
19592 35889
13530 99496
81349 92602
46360 64745
95052 86284
64998 67857
38377 59026
59366 58723
8309 94673
55035 62398
20499 12502
48106 52579
11696 15930
91656 45952
28285 80434
57856 82570
54220 86743
21964 55172
65596 77244
42194 69939
66226 6546
60666 84398
34498 32226
47797 17027
24638 56333
28021 93246
37552 19052
64488 71030
51705 73105
5358 73582
13211 97887
77957 78256
19989 87206
91680 39134
97404 80574
73628 53797
84135 61418
60190 93989
199 90025
75200 68058
74071 10047
26959 7259
15847 85412
36714 30578
33074 75612
55011 61763
63067 90177
65550 40645
60450 11118
9768 30739
41479 95623
46313 37099
68671 8438
37993 64415
45842 91279
8352 49428
62293 47501
43233 46349
96441 89462
14135 53019
74158 90393
8565 18721
8761 34173
88615 12652
13503 24219
69870 19322
45020 8595
34632 65894
25895 30774
52994 45845
57091 87407
42192 82572
65627 27821
16519 50188
10590 95701
35074 46283
93882 44087
82395 79321
51567 75266
67569 89148
31638 24492
71560 66810
86489 9977
64155 56620
95152 21614
42950 43976
27896 72985
45564 51108
35480 94270
76225 83119
28397 38025
28453 94777
16832 35447
54300 22393
5771 81846
1791 75605
80229 71427
98188 28626
63973 81938
72956 75274
675 66537
12810 95145
90272 60241
46060 21469
13756 56970
7895 29347
85835 30459
87908 70465
28325 69699
51114 7639
76324 90472
36749 66576
73609 7668
52449 43563
36602 84886
88811 44565
57454 21335
39635 49884
33194 99444
25428 65838
86442 95623
98240 44572
15126 45460
68012 9296
63064 35033
43501 58250
60104 37723
47086 1587
11315 6931
7846 57489
1799 75937
32445 87229
33807 50385
47928 59190
34366 31920
81882 15520
10854 51975
16032 4773
22414 10983
96131 29390
69274 87647
17450 10123
2217 19495
40943 437
78139 87309
39014 68758
95108 83522
98805 94141
86163 63392
46240 15513
49023 44844
89510 42421
43970 35051
17143 29033
99379 85016
71571 53267
92534 2059
38454 79957
92299 88809
94190 62913
25853 11655
86754 45187
66309 11741
54161 34120
16823 24942
1223 68678
54998 26222
82566 26021
38656 57320
4503 27296
64096 29622
85542 61748
90845 99817
37657 67992
13713 52058
29159 7493
85666 73176
74566 51093
99907 82229
15430 63456
43143 97588
66715 16157
55897 15198
33425 55063
32376 2630
80925 44975
42292 38475
3218 2371
66681 15426
28929 54408
80336 8148
1460 70073
38879 15137
43262 90830
40998 74679
97349 77514
22602 96227
84743 27532
29226 81245
84532 76823
28136 11832
13374 43228
23734 72280
63630 14980
4690 22213
149 36489
26396 9855
73997 57261
78499 52512
48875 20674
63549 1000
27534 28220
37119 15687
36094 36080
22401 94035
87859 19251
34654 64853
2423 25633
67783 96478
31244 39063
78533 11418
26069 72998
48831 85802
67282 6909
9734 1308
77409 61732
89445 92002
60399 51739
43601 49747
15425 52821
33603 72396
53031 37626
22523 59722
9386 87380
89446 98557
45602 89050
35872 19326
95559 48513
52611 49856
3964 94941
98998 43394
54908 3532
63933 89412
771 505
94319 85715
25693 48478
67888 64010
40912 23516
97085 92203
83967 92697
13171 34262
88849 57675
46647 15451
80510 58243
20195 88690
95157 75294
86352 45268
10302 2215
96498 21697
1152 11154
70750 9643
