100 301 100
38 1544
221 4331
83 990
20 4641
291 398
18675 2873
62024 40585
10274 8379
57965 2963
81426 97954
95769 93570
52882 15888
20094 5839
22034 63424
25144 55981
18207 10678
31227 10613
33001 53412
21956 39390
92655 58305
61338 16002
57523 10215
52925 1859
37645 96154
90205 3020
64086 24100
66471 45299
69048 86859
35361 22667
21588 73521
53239 76735
70134 79091
95776 17283
2752 46877
47418 77626
55801 22061
93134 21483
51439 52526
43208 63312
28335 31486
50577 68413
73416 95283
50310 28123
31719 3420
27667 48303
95520 77556
79264 14202
78616 81765
36663 62291
56727 63761
28425 46457
3403 26439
59046 61036
26900 76499
27288 82625
40724 23698
22013 33212
41611 11428
42039 63045
1605 75260
69236 93096
72606 73248
86599 59363
18875 5719
38488 96760
74519 35576
48262 10789
88334 32118
11118 54580
44529 30316
56699 86494
48007 26756
7652 44526
63284 92734
29314 15495
71927 89199
96388 27990
84253 54018
36679 88212
6940 4678
41273 98436
93717 7718
94649 92970
56471 96290
12150 90901
30162 78231
59388 89647
72448 44160
66995 94547
6099 18734
44001 95959
60732 82990
82341 93720
29858 5586
15191 20834
57955 94276
17138 29765
84192 22965
38746 27642
39821 26995
