500 1500 500
1059 2277
1100 3744
1189 3459
453 3731
1026 5362
31079 80896
61544 60744
75591 41145
22164 61481
24150 35255
26076 60604
88289 10778
58244 61616
78961 78350
77508 43861
6026 68139
94999 74729
88746 14590
7234 89957
89654 22422
34280 71797
69944 41952
78533 64248
15069 21102
74130 96640
73734 38388
89433 75615
20932 14643
87600 26835
84750 1566
81013 88278
30270 51041
5455 12969
29553 34102
90276 22184
62731 10251
21965 36814
54168 10550
21028 46759
19896 11919
47455 20691
59483 20986
18576 34055
77551 58659
53899 31695
69711 15890
85613 45016
52603 55128
12765 85808
27058 34191
47343 49138
14749 97807
26100 6131
49276 42185
81585 57178
19832 73166
62655 15146
71305 65636
90098 28896
38506 25897
97396 38350
72444 45260
26478 64761
62021 51097
17788 12643
77964 15173
21961 28018
63883 9676
19314 32481
7326 77683
24911 18920
67857 32488
75403 85757
24974 41266
23229 40481
32840 27523
83980 84055
88539 50671
96923 75688
27912 94793
84326 47359
99511 91032
82427 50294
66902 79782
41643 62940
87013 24891
46258 9520
92670 35924
55690 11881
2748 25477
78474 12119
777 67822
25926 61861
44022 59672
66813 84413
74711 3279
71782 422
81960 45606
15676 79820
83150 77608
95482 18057
28436 4131
60967 10560
18059 81768
97050 40302
58607 12497
67410 91606
19350 44952
67410 88507
7113 39044
3485 46940
54331 15534
61970 68817
61875 83129
56679 26182
18097 35110
56636 11817
37863 13426
68728 19063
51040 34126
88114 22712
38463 87636
67306 58934
47819 80256
66215 40580
74245 46929
85119 88871
6594 61534
89067 2425
52102 78713
99563 87606
4240 1628
83228 51439
15244 65973
29809 17497
50120 41533
85088 31041
19528 880
82767 94190
1199 62328
90952 75017
82573 49055
66952 10495
8697 86379
70974 65299
32951 7024
11898 77126
65492 78483
24612 87710
85424 4396
12388 37350
19240 24377
22792 82798
32342 93393
91460 92552
61136 9267
98272 61533
93119 76582
21727 42365
72770 81685
81528 2644
35966 87400
75554 1432
43235 21921
66741 11491
33981 6858
77018 59557
79987 4950
59995 70656
12705 6769
39364 83966
91967 33257
30024 18569
47104 22482
34425 6918
75907 29826
7074 33867
2400 6340
16815 27635
44251 90430
39296 48382
75598 80596
96429 25685
77171 528
29517 93093
50061 94452
44729 88289
88710 85569
25250 24667
65681 70201
17682 89137
57294 16659
91843 67105
63277 58557
8966 14820
52248 6746
87250 17417
74377 18184
15030 17944
87783 76029
30302 6932
31416 27314
97667 17955
36292 79363
58762 97460
49221 66648
66690 84776
3031 29481
2072 4803
33576 34162
58068 82680
75518 91272
33311 26478
95238 88788
36771 1487
10590 61842
40691 53978
15120 55542
74767 4685
54855 96509
55829 37578
7558 95310
63002 9953
48003 46770
41363 25838
54631 16926
82821 85144
38677 3304
98169 65291
84026 35891
40637 27633
40281 77213
149 81618
31730 92558
40515 21992
72193 68810
37364 81647
96699 46472
68420 97833
63625 85078
90202 69128
49465 9769
96943 76634
47282 91605
99446 22826
14772 34246
52752 9424
85626 35313
61320 26528
87524 34242
74290 29607
9719 1905
85042 5696
15109 87117
70658 7755
88618 48868
60029 81468
88527 14133
5007 12653
55833 81422
45805 87203
57805 87148
71373 86536
32529 14889
30276 6159
92216 77809
67926 5959
40964 98467
73968 25186
11385 36264
6505 77763
25077 49693
67003 40014
44793 21610
43247 80254
4616 57068
35118 56787
12206 62383
78649 38707
31853 52037
75874 87773
60616 11034
77465 35083
80448 36248
6448 49671
84644 8784
43127 10132
27048 37197
15973 46696
30030 103
67297 45696
11053 29818
96367 76491
47177 92904
15621 1549
60883 67503
99610 96584
87451 39369
62925 39758
11553 11422
5196 4833
53787 69240
64802 65479
47708 69701
24781 52709
10156 82975
85549 17936
40556 94908
27208 16247
67592 21198
1718 69435
29611 22563
48950 57383
58971 99151
68385 6503
96540 10566
12223 27539
54230 71376
3808 34166
47040 32231
99141 61252
51918 44173
88234 23022
75121 29828
75778 71856
92894 53041
34984 73016
59327 75347
4612 6424
50302 91474
73637 76413
55353 52483
87968 562
37456 74250
22686 43353
97154 83467
83351 842
87989 95305
62666 14962
8398 45544
2280 70428
54532 25275
82338 83316
26134 78590
89736 11184
82888 74457
6439 13436
54988 94824
18835 42471
58416 42250
54739 9656
24633 71122
87394 89404
60274 26902
2601 83548
8832 78359
52345 28954
38713 76040
43834 34893
65549 33704
26354 49367
81409 43849
27769 86036
28603 23378
95072 35327
10967 91708
90354 52656
64708 65706
86773 70413
38653 49901
18559 51306
91347 62672
17155 28656
37480 45748
99799 39520
1850 54621
72778 11716
83030 27704
11884 43643
95351 76382
58086 88900
90855 1096
82584 28106
35841 51647
64497 81025
18365 33702
72115 64891
43959 2737
77418 69931
43718 2985
81781 96379
32462 412
80792 13524
25573 58265
3466 36722
53362 97275
44880 50098
56886 99910
68843 16720
12444 30307
81807 38616
8364 64833
12954 32024
48488 46138
16394 24150
29780 23626
46713 39241
49483 84980
29404 54571
8434 60583
9177 60018
21613 35528
33459 11315
58795 27134
21388 79052
63691 52712
35993 31210
53357 242
28686 95487
2162 91089
87803 62628
61127 26730
75366 83693
868 78514
61315 59249
4094 89381
10977 55091
51675 8920
65413 64127
19965 32398
25597 86988
8118 43415
8915 77031
87065 46855
82218 82738
63338 55516
40909 75453
78083 57618
56628 83118
4134 74189
79004 46388
66283 39451
39216 79626
94605 21650
49823 36085
10159 22459
25002 29036
6216 75870
21831 47809
85462 27349
44053 95728
18868 84460
75605 95544
72054 92979
52452 85939
15262 45791
41116 50472
9859 89208
2281 36141
96896 17755
51560 31021
65014 87944
38222 43865
51887 85600
68210 48378
90068 81909
39452 58878
19380 2423
14836 3386
35551 27784
96717 2854
98769 94094
63463 76530
79378 44668
77631 17461
5947 34931
81040 22171
9673 79910
17573 87588
44360 57518
6218 14349
62583 29489
84529 48610
2920 70724
25197 85317
32640 64370
31921 15240
70443 12346
53263 67089
58745 11864
48107 70847
42376 12834
65013 66536
9020 48989
90543 27733
79097 76943
51893 81709
53449 78922
18694 44580
91736 94970
