1000 3000 3000
1077 3915
1376 5439
813 6945
1970 7667
2715 7596
43213 94095
76121 56996
30194 77839
80946 99928
44755 69883
98997 14470
49561 61429
82597 33096
43498 25381
95456 76947
80921 66181
70040 64382
64079 24022
10276 44903
2470 7129
28089 5961
27960 35107
22587 982
11020 68152
71941 43442
46151 10725
76768 54578
70362 45417
28019 25815
70239 10004
70035 28215
62259 87808
78024 61178
36826 46084
24558 58072
40204 53739
51985 96950
90590 77316
17003 27008
1012 5222
61693 58602
17651 70086
56190 39994
89334 20968
61925 87350
78858 29287
37212 69546
5781 98364
29511 12524
81464 33938
96083 10907
4487 55581
85312 52306
88721 73763
58996 95521
48832 97306
86500 26973
39199 35333
79687 89689
16929 78284
24823 17287
32374 65964
41715 22694
26418 77101
93045 60375
85485 79224
79050 86960
14092 47213
84729 73035
77675 61533
25559 5058
45792 64422
66992 83973
27767 78148
43563 62396
12376 91877
87242 14836
60804 78888
21128 31395
86929 51546
73468 28196
63706 16196
5222 76865
90106 35398
4925 57422
20792 1671
92039 20246
17227 47991
44556 19697
65551 55845
47747 3706
18261 3644
35075 49582
95901 40138
22192 73103
76269 12804
53536 56819
68613 77293
74313 1540
19544 48236
50232 60033
95618 31827
59073 71709
61065 80469
51933 57680
61484 88144
27591 28076
37936 98714
64445 48120
73454 19621
11210 50726
130 14297
92659 9485
44653 46396
57927 39778
22325 11977
27777 58491
86303 79192
45501 53703
14854 9584
86 6357
68711 92087
40856 32052
37898 93710
38199 93089
1484 15569
40297 36854
63750 11538
83047 76371
23000 3338
98901 57361
13081 38423
21878 93751
59466 87763
38913 34502
80495 69173
47793 99374
60289 20003
7093 52628
52924 10847
20393 7968
86521 74417
34182 54066
11486 60512
15586 62232
91230 20974
8794 41076
64668 87099
96478 53272
42789 52345
33516 31513
96433 34387
38245 53377
91078 73283
67764 83454
8840 15550
72819 4585
10457 47853
5730 33961
79954 73217
40138 11277
83006 98831
57866 72394
47000 55981
51670 82487
64005 97331
13734 67975
89347 26145
1346 63199
35338 54381
59484 99819
19082 55531
26570 27183
80065 58504
77642 94609
21468 74881
35268 93213
42945 45657
7439 69376
31103 999
80060 6937
17980 75708
26420 15421
59911 43610
22439 70596
25046 56271
28543 75558
53198 45440
29268 54011
95377 2860
81813 73731
96938 97651
19899 17835
78721 91442
21371 70403
94548 55336
89833 13881
25381 33155
45929 61025
27405 84641
81917 35725
13570 63182
8620 56074
1827 26160
47865 8646
89978 7882
58159 23591
89976 53754
12651 24553
75580 51038
44133 41940
18477 10739
92981 82376
78633 98168
21597 20193
57645 61448
57110 84654
68427 93849
46915 46773
81549 3661
74800 89901
74626 29846
8966 50665
56881 50048
47767 12998
43214 55666
30391 49783
25311 98640
47381 27587
18949 71402
5149 42465
89341 95460
27988 47183
30624 55066
66617 86865
65504 43237
37799 87235
66852 86366
89576 63330
16722 7632
75002 43705
8476 94664
1157 13380
15733 19174
83522 26711
46141 88595
80254 4349
4498 57328
33399 98520
32957 63687
51727 35475
93998 8549
17993 10274
88155 97155
14662 59773
36716 91934
23072 38418
29374 46198
34343 52656
93280 72370
16506 68267
41261 91068
16419 66604
10473 33135
7873 57412
50464 66315
96299 86709
93261 34350
93995 26167
67526 6877
77473 31601
64374 13888
71437 94759
83801 73196
53591 96392
1817 64148
64989 23816
42244 8478
26583 70513
26331 82108
32086 14465
43379 12919
25907 49347
86442 58419
85629 87242
80991 41260
2261 89823
16789 76067
52379 6398
82364 81873
30630 56456
97103 79900
13697 58241
30963 62163
21201 14697
38364 70141
91535 76832
38346 63163
70662 63920
85679 60813
98457 97835
45380 26095
60743 87215
30185 86602
40597 27045
2323 72093
50364 99605
94065 61763
30019 13676
79553 77110
73887 80830
46 408
77981 72854
51 32805
62438 44236
25212 36282
85862 75010
68414 37115
37456 6290
35657 58060
27216 72210
87802 23628
79488 21476
93727 66107
59820 40611
16334 10664
96521 62382
64883 17592
78917 30487
70880 65124
42073 98302
43713 17817
38627 20525
65609 16669
55298 32296
27554 22373
55481 53013
28656 13437
72749 38274
24438 43822
99041 59105
51413 56863
67783 45574
49574 11899
92156 4959
22930 3666
89328 94906
54915 47131
13891 22724
59742 65020
51375 5117
28831 14542
36263 15060
55731 26739
17154 72479
33720 44351
8407 98390
50907 82194
12404 96209
71903 1234
31399 25682
7222 74499
11868 18442
86402 42991
51689 44142
8617 88927
25572 12594
40136 7853
81713 36823
65807 55308
49540 94567
34613 97887
65622 40846
5409 11858
98642 38828
89451 11278
57381 44375
20735 80271
88914 34263
84658 4255
46312 61808
54001 54395
26995 25420
50141 22998
43393 57027
46645 66477
79839 28987
15463 58099
84675 76522
27867 4672
63669 72324
10694 39588
24651 57151
17722 22478
66996 93237
71418 61103
85579 2909
21596 68612
15216 69427
6986 85446
41495 30308
53136 61172
51399 63939
33914 93606
46580 52232
81188 66802
70066 75815
15159 1387
32364 75128
81557 10603
72541 58979
30296 91966
9715 25051
45961 90993
9903 58947
31646 94522
82726 76718
24472 29873
85351 38896
60909 33316
79962 25560
17152 19079
76178 97822
25335 59444
41448 62027
59894 73098
48429 33278
30073 33133
60526 62672
84308 3620
60659 85070
76889 26791
78550 12384
12812 16999
9276 3940
78935 36650
2405 53273
14843 76995
71902 59409
54182 70007
37830 94664
5339 57564
721 77367
47265 7978
84431 90452
88405 72838
36129 54950
91496 71375
77766 74543
13887 74707
23804 43973
33570 61602
95424 2580
41592 7499
83615 82584
15515 34504
1478 13397
70987 78352
78000 62784
82598 77715
29517 39906
51834 21856
10436 21643
66036 42964
90985 7532
19532 74992
40152 88211
94627 84957
96355 5401
56306 90207
93547 21140
68613 3455
91006 99315
69396 53358
67249 99136
9993 66969
61176 96115
79347 30897
18110 52594
86850 28527
54887 56407
1175 2919
73287 68634
39100 67606
32131 16495
28736 71920
82083 77521
80627 76864
67522 80176
16035 75809
86336 39916
80852 96595
3772 27445
51886 65327
41962 75827
57317 8305
50645 2112
906 6372
66464 61264
88654 28140
67224 86956
10664 48247
81040 90713
47811 68339
57160 41685
65941 47121
86945 84309
10676 67498
45566 40325
19439 96687
28113 38031
70822 96879
17664 6475
63867 30111
4015 93646
29446 78544
18123 72755
56172 79542
55657 14672
6123 66992
42056 13880
51681 8437
19218 85518
29700 39999
26785 36387
52119 3639
67819 63378
42637 89905
64962 89081
11293 64742
34153 15332
66514 30898
99149 93364
19151 7344
90809 19793
6412 10711
1628 30524
44213 74234
90425 95576
69944 36412
44641 20379
51494 92618
22931 61091
80993 50578
31774 48785
20841 25629
3161 29360
88153 44000
24081 43357
20853 39218
32647 66568
40506 81112
381 78684
64083 37192
84161 85058
33437 16826
23472 63158
4998 91051
29482 95100
93416 32964
73910 85633
3934 16452
60221 43434
68486 15691
95483 40641
19129 46720
61027 30924
58145 77287
58418 60016
77507 44917
84953 47821
56836 40297
36842 35524
14914 47027
44309 19563
22214 24809
14922 94473
4503 20986
76862 62935
5150 88467
27435 4506
68389 62372
51242 51090
73548 74148
62035 70716
19722 81920
89097 53664
56150 55459
91961 9908
65985 89375
17190 11631
28013 73772
41276 78381
38301 12426
22434 44930
50394 53472
30111 80910
82596 89174
84591 90698
14375 54375
87673 1550
3024 3658
88504 60176
19419 4573
35570 17210
89447 3842
26165 73061
27640 67350
3561 11686
3372 6718
91327 61959
23133 75752
50850 92377
12272 29970
44581 51685
21642 32321
20930 93392
49832 36820
95900 21424
51918 32717
96617 62169
17043 58744
64555 80159
3993 36675
11993 71917
55321 19636
18450 59566
99593 39058
51778 81344
81625 30096
84641 96655
41452 10675
74091 28593
84489 13638
39505 39845
92693 55952
31595 40651
3740 48406
32877 2377
73692 79033
10649 6429
91651 43584
37387 61712
52663 93138
67369 25903
40048 70104
3936 81976
77677 60819
45002 55127
96068 69425
49450 24188
23645 11994
56302 41217
61393 82581
40959 65043
5292 93907
72115 55199
76286 88630
44167 69325
14148 43335
98173 24388
13562 35074
94678 7999
95004 96441
67960 86425
99482 30631
14743 58824
76543 4741
53750 7997
72883 49942
26237 34032
11525 97719
24759 99601
96179 52587
17844 67286
2358 70011
94806 74334
7550 10890
56886 55692
57233 54677
12350 23927
28134 9042
63958 39914
50796 49974
40856 46056
68134 90468
75527 63772
10341 67084
17661 22735
67377 85079
93172 48665
91841 1333
61967 30218
76001 10026
81122 93619
74338 26837
87326 12457
76267 93920
30047 10493
40342 38225
90063 30292
32291 78950
95764 32531
54899 33694
81168 51410
93166 32669
27675 57657
7923 76925
27134 40075
95665 11687
58347 3777
36287 94026
52908 78848
76528 11737
62506 14809
40636 21873
23442 76569
22396 93316
19855 47727
65168 85034
14265 67499
59842 96192
24351 15582
75985 33446
15212 12790
13110 68413
59109 67219
48399 71075
39434 40710
5195 34193
31567 9778
22057 49428
50468 40500
12118 8121
43952 67360
43377 44531
58759 65491
41379 85599
6596 15424
65712 52895
48399 55144
99774 25074
27458 76505
60435 86737
83771 43402
20913 6103
81984 440
85373 90873
85345 53170
29493 6259
24067 24882
10641 2771
71527 81949
45481 99851
58974 8164
21501 96699
24872 79968
51354 82544
89333 51433
68369 70180
50247 38695
82594 95779
79514 79012
38046 69492
5 51235
23488 11854
32843 14958
47778 5740
37462 19610
90801 54103
12396 79958
52654 3807
87007 22525
21300 61966
15124 41738
6773 27028
38238 59350
32342 59489
69110 86674
8558 862
11199 64044
56615 45082
23646 83433
57306 8754
16124 86299
6094 45073
79080 42063
51778 95446
43483 71482
48828 65685
17215 90161
85423 45014
10809 85887
49635 16616
22172 94982
67691 14636
37835 48865
26905 3198
58830 43555
60094 69924
17120 39288
62214 20255
77328 39194
55084 37518
21231 19938
77682 87901
77712 4272
70907 8537
77461 39291
65250 59304
11460 73254
75531 31040
65000 96493
52818 7529
6740 71417
49354 97407
83641 31612
20041 86972
7619 21823
12483 8414
83950 11924
52822 74415
28196 88328
85725 91730
84805 18385
50491 12862
28928 39780
81498 87160
88130 76834
14347 24814
32810 48681
27345 22018
37227 41284
72911 30842
18468 63813
41264 59508
72856 77614
59993 47401
89003 87058
87477 87747
20450 60923
68696 32113
11292 11993
47436 99702
74182 41519
32292 53149
17508 84501
28403 56836
34372 55649
78945 51654
50832 52087
92435 10262
89549 47738
651 71813
75558 40781
88387 54407
94592 38916
73286 89599
54162 80764
12349 84847
29533 53494
63583 78356
34236 71366
93362 98596
29164 59767
54084 91909
3766 90568
65240 65816
78056 73772
77461 18297
11379 9248
47872 8512
9945 5893
19404 53130
70376 80024
82847 5023
7055 67126
81715 95306
62892 38903
15246 80587
91559 60627
14755 68472
45888 80595
93100 27336
7501 44416
32973 21507
49600 634
40421 88992
59770 15580
8064 23337
49126 96977
78436 99985
13179 27274
16495 81612
99174 68514
88533 52501
3238 95178
41350 30015
17986 81659
26712 47537
85195 31767
41869 43949
51002 25225
21907 90887
28034 83402
57038 29311
71591 46868
96638 33403
25117 9653
70317 24707
32538 28330
16821 44844
20854 39037
95947 86047
68449 55862
47873 25592
88472 33637
3744 29154
9536 93246
92114 8136
29338 24687
54463 4087
13551 54762
3409 51070
39738 80045
14106 68805
69376 21545
42421 44211
84879 52642
24191 70079
33230 48700
70823 68925
86076 24414
52376 74560
76959 2510
10233 38105
28046 79510
43236 84853
28147 71792
33938 86538
62218 59516
19958 15345
63598 65251
85005 83441
80481 25061
17442 75988
55946 88927
31191 69214
39370 56689
1861 75073
44704 99791
98461 22665
60699 3883
10009 5537
50983 89827
45694 43087
83803 53207
4233 48883
12520 4185
85947 5296
95039 13989
96043 32553
45711 42261
20508 1277
53873 25101
44956 7436
65320 66986
80218 86526
31036 41917
33411 90369
49741 75352
35304 49768
68681 23029
27321 15081
33809 3900
37000 26189
34626 17989
99847 75024
72657 37759
18047 65764
72538 17665
23747 61758
39303 20379
26942 65056
80424 74333
33706 50307
41215 61111
51009 71001
37704 85180
33330 88845
51064 6611
21708 88059
36353 94961
95384 4532
51730 42616
64938 47740
66699 39795
26678 57113
90641 43144
23767 86852
