1000 2999 1
1687 1309
278 3239
546 4197
881 4088
1544 3992
55912 4448
14724 54513
7160 98281
74871 40498
50371 30822
46029 71934
78116 95587
78403 54247
73293 49925
32807 25873
67622 80415
56120 79681
44089 28224
29089 96398
61585 68760
36182 31656
76260 32685
86076 13479
59864 56000
99712 20218
57720 68408
89697 84861
79686 49216
83970 80297
17437 54551
11276 9850
88994 32958
40311 5128
26265 84037
79714 19513
47363 7620
79004 52225
7910 63953
36993 57517
86455 74514
88767 81267
26934 48429
42954 36295
97355 33732
50327 7143
67651 98801
94398 73371
75199 86319
48758 23777
67872 42067
3619 5630
90541 688
85302 55980
52024 34675
85752 71109
54779 39024
73069 10321
62497 80249
66503 15614
36108 71037
22050 18006
47075 44150
72554 92219
81579 57045
61178 15092
18957 16881
28731 76282
96865 46308
94047 16591
6217 24305
49173 90610
84654 98734
50400 48986
10016 31070
15979 64403
94476 92651
7575 35303
14310 54983
41449 4937
49462 96598
70968 87904
77053 22778
62525 4789
46761 58956
69940 35861
51420 55809
28788 17471
61888 58715
16215 34541
5349 26152
21860 1011
13086 52847
27149 60971
68178 92792
28444 67591
1948 54174
47718 29056
60191 65568
15411 40657
88620 12111
4980 6779
76206 60355
95116 78100
78888 42286
45219 96096
59094 81445
81770 29186
75584 59401
34743 4208
68224 6690
81580 6856
55728 36731
96787 15455
30245 1823
98927 44275
27856 25687
63564 78567
67993 86695
60539 20095
4736 34184
9780 3446
53999 46389
85539 18888
72949 19387
52797 33554
54499 16086
501 49462
45897 79972
32177 91653
54855 27253
82327 82028
71728 43996
2581 85812
9015 44450
96352 33287
76121 47019
64452 35
38908 22839
66045 45171
32743 43963
61307 4454
62880 80944
98517 73353
39771 41435
48629 68906
85741 14369
29942 91377
72603 45437
6874 43949
12641 94363
36502 2172
93772 91461
86001 96558
64906 52933
16001 6815
54663 60108
10368 70021
4372 73871
85681 67606
5207 38156
61999 64459
80131 86458
24417 97036
66808 4771
31674 72331
4224 3272
44086 97234
18857 81263
7021 40981
97326 56097
24237 71654
25214 48150
29970 74603
39445 17567
91251 36205
65584 54961
4735 5676
8782 79965
39129 58799
9636 66077
8979 34755
83030 39073
91815 20110
44460 55560
27845 63008
36738 95908
68359 16796
68338 84879
97907 95695
32316 74819
43964 54489
20990 98420
82299 7356
91015 69154
31850 29809
84186 96235
79298 67701
77217 29468
84703 77074
22139 29817
51807 98440
17265 27119
1663 22307
83097 42846
58990 75215
40663 76053
64594 57484
2161 40861
7391 8344
66199 48023
1140 20478
38792 59059
50483 51183
33222 28856
79106 79840
1557 60064
48871 48486
58223 18758
73887 64533
57727 76294
61643 30746
97956 36604
66222 31529
54035 70445
55561 14770
39961 59396
49523 64966
6194 2480
82561 20911
64863 32489
71073 95961
59999 43241
42240 26422
37790 50289
38781 24925
23591 64432
46158 14201
60957 54418
69280 72512
88146 44123
87597 1747
88112 49613
96192 85013
1288 2191
54653 56727
79812 45836
31321 29797
47006 50280
34880 82733
78202 48849
3455 46472
40883 3671
37525 24711
16857 61196
89633 81246
66359 24668
46722 95487
84231 53549
14810 81121
60305 84827
86478 77235
19776 43861
35026 6694
71400 21319
81471 14694
80960 9685
60143 59583
88976 64567
69858 30501
29996 77124
50711 24481
533 55497
41572 60332
2301 24624
62762 39247
92496 44702
14677 9714
97814 47449
10226 71774
25067 7753
27889 23664
31427 28700
77484 98955
53108 22465
25552 4621
3556 79867
29594 41961
36805 92784
45821 68808
63214 68547
16814 79492
81763 75608
58647 14427
33694 90429
20257 74432
40015 95761
5070 87186
15784 49040
13604 85289
87840 36181
43784 20551
72373 74101
13202 63235
37164 96622
78326 32330
37192 77924
12560 29704
97324 1833
22822 63596
80331 46985
48449 59716
10425 47265
50994 78083
76495 57081
13959 5267
28749 44439
51194 71774
71525 43305
94643 78242
7236 57195
64897 72987
45228 23439
31761 40689
15937 24825
83049 59632
74424 59391
32809 15410
91826 81553
38730 26463
43906 89223
68019 85148
67463 27334
22669 6350
77878 78754
71907 42955
39870 34780
91409 53952
36322 80469
78228 65039
8845 23495
61227 80189
2691 62781
15797 32009
71325 58131
15931 83776
82174 89800
34371 61456
60042 74151
9562 98372
61680 35592
59628 96549
10558 96306
22981 94378
64220 56625
48518 18434
6151 95849
97691 25890
15622 32579
31120 14966
6153 49124
8436 71159
81552 77123
84434 44040
52383 40061
71529 93702
30301 96441
16454 95967
57456 62066
16860 77832
95389 12183
52801 54209
352 13870
20448 56927
49420 91870
8281 14626
35877 69522
88188 23042
39794 99823
36279 73529
28256 67155
79973 56637
22037 21758
32603 39185
79798 21639
32192 5037
79716 4642
1947 15695
71039 63192
21326 26858
37027 67742
98123 58285
85865 7826
18368 79360
43873 42279
84504 83552
61914 8173
2515 56589
66811 56251
3188 94248
45190 63209
6906 75166
35374 46094
97445 23875
55290 45636
57181 25982
36892 22846
5323 66345
80413 35829
63896 12259
80282 64086
90574 61594
62311 25298
71412 81045
34057 54893
22281 38142
26485 82353
90854 50411
74166 29716
16188 52886
51168 85431
70256 81377
44632 33420
71557 63249
51994 66134
57676 6410
63020 56317
42924 11950
77087 82867
66896 89159
4286 30537
92099 3464
56637 13470
31342 93553
11491 32104
74585 28622
23300 63795
10971 1870
17170 77541
85960 47721
7477 66353
26287 80813
72735 40023
66602 81114
95225 6537
5844 62187
52893 67004
17225 17760
35029 96281
80960 4006
27187 91331
53063 14481
30518 91205
12820 94365
94993 95613
30738 87070
36402 91568
85709 7455
52215 97981
52403 75993
6425 74288
2415 90887
49812 53962
67268 61873
25830 78377
26396 82810
77200 22422
77362 60648
63983 3721
56051 87973
5552 69611
81716 35240
35028 33547
78645 36769
36008 5467
2434 62445
42203 72194
56675 21796
39234 80820
74763 76084
93454 52133
81220 15426
32918 97234
60446 52550
1570 7092
39992 14993
74777 69780
35011 75047
6875 14295
91527 55935
87595 59281
48209 64387
63840 34033
43730 94516
92664 21647
51269 69002
84459 78099
57095 47571
57400 52792
76169 77277
54110 99158
47688 4657
86395 74874
46633 42574
76936 63727
93362 85308
75188 15273
49114 1993
37846 41880
39734 66489
96330 96556
67135 29114
4140 83244
37854 72149
87655 92432
52805 79983
85139 20183
20364 53228
68606 26299
19028 52339
62357 6936
42865 18632
554 470
29524 40496
77169 49359
52929 76953
78338 91130
66469 50903
12900 33026
85011 81685
34272 25020
56453 91882
13676 56060
99472 8755
55439 21548
35981 87839
30849 26533
46131 45419
47629 38203
64084 60514
45543 9011
52297 36774
35334 93381
11105 85550
51676 11112
58536 77097
4631 16827
23969 71627
50749 63626
29519 46460
10058 68076
92073 17437
47366 55010
47123 75407
48610 72366
79179 32930
93844 62538
84103 53348
84248 44505
74851 24636
39496 65182
94255 32378
84874 12229
84159 46151
81261 86102
23958 23124
6460 6202
39174 9584
53092 27644
9568 29635
79596 98457
71403 51321
48815 58167
34645 86807
52741 3058
42337 91401
83058 77368
31739 65524
98161 13950
32158 32475
45328 15929
29920 85768
26059 32632
36701 66576
5151 63376
75395 65777
29190 60405
37256 55716
30287 67655
64582 95298
35386 26828
59050 28459
1879 85477
31949 74532
5431 47832
66892 454
81858 16026
8457 41427
84934 59415
81243 48422
94902 88243
83425 89609
12303 55056
44218 78132
29832 32054
77524 18087
97019 38999
92854 44837
82490 95905
6906 94810
65777 42766
68102 28023
52511 13473
74245 74107
51444 8188
84915 53445
81133 47426
75273 14909
18887 32197
94553 64954
8013 95514
92723 19912
16619 88048
95820 89057
61643 7800
90669 84597
85006 90713
22188 19198
50495 85202
28075 19316
75100 44526
72475 73013
67096 96651
91825 44036
60082 20305
99328 22314
25224 27278
53356 94516
67098 20146
69996 59037
98160 53498
63444 93478
9848 17747
94827 18080
484 51919
35830 29169
57804 58982
1139 65560
8676 44164
46431 19323
8712 32926
55684 13838
12700 29018
1553 47888
13888 49427
44898 52876
86856 22888
15423 12768
75796 69871
57652 75565
25783 19378
79702 31222
25237 48438
14505 43748
42321 60994
48566 4293
36507 82756
71907 46695
16365 45957
40884 88538
35515 1237
66752 33877
70004 94642
29128 6321
38645 8326
96408 74623
41555 31343
52553 41817
73674 56478
68548 71859
6876 78388
52070 9500
88151 27655
54085 41311
7830 11807
36928 38916
62616 99621
291 32953
60694 66083
50573 21605
66882 36555
51262 85308
85890 97708
82487 78279
38816 78644
77042 4638
18720 15672
32414 61916
97928 62022
20471 38617
12356 49710
73063 15556
63733 55076
79372 13310
20128 8017
82764 5605
16999 85748
29126 37311
41277 27551
59996 29719
15621 57997
588 30923
8962 61603
57527 96539
55680 8322
80060 22992
12811 58254
49692 86940
27904 35975
71587 70066
22645 34776
26894 98568
54772 15475
5077 45749
31736 81739
54089 18088
10003 47327
26466 14948
25699 58750
81887 47345
55195 43984
29394 95531
2735 64534
66657 50720
63046 40798
96358 92377
92820 63302
52310 63396
92594 18754
74180 14295
27747 63536
67288 88258
97800 51881
29924 43247
83940 3656
81976 31572
21995 43090
40395 79407
5161 95852
5589 63918
43334 24259
6266 45223
86470 3233
34973 18658
47249 57217
97305 41083
44568 75638
94034 81352
93898 90746
50017 8824
91833 42141
67233 21237
88743 95134
92265 88048
2589 33487
85143 89056
24379 35858
50031 13955
46442 31510
20376 92405
7575 35154
25607 47172
43530 24634
87338 9067
11412 68905
50157 98402
87651 58402
67393 84271
96328 5783
71869 42511
83420 74556
67402 24733
80500 34481
8047 71207
24749 99183
9593 36998
20392 5206
10926 88646
32098 61999
68885 94245
25668 68566
87929 55172
43753 96213
5095 85502
22478 84601
15194 40610
86551 2727
99625 89037
21891 81720
79693 39376
43418 20190
48715 22686
87938 11394
64961 25001
63960 41248
29615 51619
7130 48082
74910 61426
48392 96504
32376 85163
29793 31714
20127 21029
69069 50574
55866 6454
48891 93656
76648 41783
37949 15638
15752 68408
47826 29
17408 72818
77312 90610
57042 84439
38015 46096
24907 48276
55879 17449
43855 21458
23831 83712
66065 47251
23469 69730
50310 4547
33554 94322
24968 13321
480 9410
562 83180
43485 9223
83551 34169
83123 79684
15325 19213
53350 4099
80924 13307
11447 13588
57515 68300
43308 27532
49829 53971
33873 26041
46132 2702
78526 87803
40543 48064
99779 30574
41009 49594
6238 3995
10919 20359
56084 94897
67016 65644
59513 99930
29024 23030
56079 11307
23250 9920
68738 39628
10597 3819
90006 29618
67667 64198
70855 60856
29230 80660
75920 57083
11326 24688
91765 43289
93222 39813
12691 1095
36761 3378
37598 58644
62646 29277
42274 11708
11101 33633
88790 70415
50403 56071
39959 99248
70514 33937
32216 55833
50260 27693
75289 2310
29578 94196
34302 82770
2009 10900
74965 73060
16879 81596
52780 69376
82288 15212
5105 95477
70445 31466
74972 63681
91530 7144
22523 16189
78683 95969
85254 94975
67816 71393
76466 58158
57592 9947
39643 43137
75947 85866
40294 42435
16844 54232
87052 44151
52775 43971
78025 79160
49755 50009
8728 20600
1951 42382
24736 95581
45360 83118
28581 34087
25428 13404
62075 87897
33060 47330
57611 73486
92638 9445
77255 90348
12948 22284
6412 83320
1177 41321
94595 37236
38569 67054
44337 51307
38451 75422
65262 59377
11419 32793
19549 75656
9935 47376
33650 17880
66102 76190
37137 83769
80407 39358
89756 69051
51039 66801
6928 29122
86011 40602
81374 19333
2541 40673
56013 66091
59684 58581
38906 29022
55428 87790
31764 48450
25786 27847
6329 83100
88486 59882
70417 12479
85333 49928
22190 57102
85977 28513
74503 1763
91109 24185
49026 25343
58417 87507
1907 67156
9369 30176
35320 16422
40747 81038
8250 51691
98800 23106
67648 41584
92589 38239
23697 40415
96596 39809
92309 7953
75217 78550
167 372
8636 79742
20241 56043
13435 29122
70866 25598
548 77476
63957 4769
50199 67972
36992 51928
22176 68481
43067 6855
66383 45992
95669 19409
89348 15238
88360 87819
87747 94519
91316 56078
78765 94249
89582 83130
73134 49155
87020 25583
59011 20644
27089 24465
83558 41330
17540 35277
53376 39287
98715 89282
26387 33976
21564 81862
52241 96737
93450 50973
3784 63981
36065 30077
67656 45002
36043 8057
