1000 3000 3000
18 72
35 143
52 214
69 285
86 356
103 427
120 498
137 569
154 640
171 711
188 782
205 853
222 924
239 995
256 1066
273 1137
290 1208
307 1279
324 1350
341 1421
358 1492
375 1563
392 1634
409 1705
426 1776
443 1847
460 1918
477 1989
494 2060
511 2131
528 2202
545 2273
562 2344
579 2415
596 2486
613 2557
630 2628
647 2699
664 2770
681 2841
698 2912
715 2983
732 55
749 126
766 197
783 268
800 339
817 410
834 481
851 552
868 623
885 694
902 765
919 836
936 907
953 978
970 1049
987 1120
1004 1191
1021 1262
1038 1333
1055 1404
1072 1475
1089 1546
1106 1617
1123 1688
1140 1759
1157 1830
1174 1901
1191 1972
1208 2043
1225 2114
1242 2185
1259 2256
1276 2327
1293 2398
1310 2469
1327 2540
1344 2611
1361 2682
1378 2753
1395 2824
1412 2895
1429 2966
1446 38
1463 109
1480 180
1497 251
1514 322
1531 393
1548 464
1565 535
1582 606
1599 677
1616 748
1633 819
1650 890
1667 961
1684 1032
1701 1103
1718 1174
1735 1245
1752 1316
1769 1387
1786 1458
1803 1529
1820 1600
1837 1671
1854 1742
1871 1813
1888 1884
1905 1955
1922 2026
1939 2097
1956 2168
1973 2239
1990 2310
2007 2381
2024 2452
2041 2523
2058 2594
2075 2665
2092 2736
2109 2807
2126 2878
2143 2949
2160 21
2177 92
2194 163
2211 234
2228 305
2245 376
2262 447
2279 518
2296 589
2313 660
2330 731
2347 802
2364 873
2381 944
2398 1015
2415 1086
2432 1157
2449 1228
2466 1299
2483 1370
2500 1441
2517 1512
2534 1583
2551 1654
2568 1725
2585 1796
2602 1867
2619 1938
2636 2009
2653 2080
2670 2151
2687 2222
2704 2293
2721 2364
2738 2435
2755 2506
2772 2577
2789 2648
2806 2719
2823 2790
2840 2861
2857 2932
2874 4
2891 75
2908 146
2925 217
2942 288
2959 359
2976 430
2993 501
10 572
27 643
44 714
61 785
78 856
95 927
112 998
129 1069
146 1140
163 1211
180 1282
197 1353
214 1424
231 1495
248 1566
265 1637
282 1708
299 1779
316 1850
333 1921
350 1992
367 2063
384 2134
401 2205
418 2276
435 2347
452 2418
469 2489
486 2560
503 2631
520 2702
537 2773
554 2844
571 2915
588 2986
605 58
622 129
639 200
656 271
673 342
690 413
707 484
724 555
741 626
758 697
775 768
792 839
809 910
826 981
843 1052
860 1123
877 1194
894 1265
911 1336
928 1407
945 1478
962 1549
979 1620
996 1691
1013 1762
1030 1833
1047 1904
1064 1975
1081 2046
1098 2117
1115 2188
1132 2259
1149 2330
1166 2401
1183 2472
1200 2543
1217 2614
1234 2685
1251 2756
1268 2827
1285 2898
1302 2969
1319 41
1336 112
1353 183
1370 254
1387 325
1404 396
1421 467
1438 538
1455 609
1472 680
1489 751
1506 822
1523 893
1540 964
1557 1035
1574 1106
1591 1177
1608 1248
1625 1319
1642 1390
1659 1461
1676 1532
1693 1603
1710 1674
1727 1745
1744 1816
1761 1887
1778 1958
1795 2029
1812 2100
1829 2171
1846 2242
1863 2313
1880 2384
1897 2455
1914 2526
1931 2597
1948 2668
1965 2739
1982 2810
1999 2881
2016 2952
2033 24
2050 95
2067 166
2084 237
2101 308
2118 379
2135 450
2152 521
2169 592
2186 663
2203 734
2220 805
2237 876
2254 947
2271 1018
2288 1089
2305 1160
2322 1231
2339 1302
2356 1373
2373 1444
2390 1515
2407 1586
2424 1657
2441 1728
2458 1799
2475 1870
2492 1941
2509 2012
2526 2083
2543 2154
2560 2225
2577 2296
2594 2367
2611 2438
2628 2509
2645 2580
2662 2651
2679 2722
2696 2793
2713 2864
2730 2935
2747 7
2764 78
2781 149
2798 220
2815 291
2832 362
2849 433
2866 504
2883 575
2900 646
2917 717
2934 788
2951 859
2968 930
2985 1001
2 1072
19 1143
36 1214
53 1285
70 1356
87 1427
104 1498
121 1569
138 1640
155 1711
172 1782
189 1853
206 1924
223 1995
240 2066
257 2137
274 2208
291 2279
308 2350
325 2421
342 2492
359 2563
376 2634
393 2705
410 2776
427 2847
444 2918
461 2989
478 61
495 132
512 203
529 274
546 345
563 416
580 487
597 558
614 629
631 700
648 771
665 842
682 913
699 984
716 1055
733 1126
750 1197
767 1268
784 1339
801 1410
818 1481
835 1552
852 1623
869 1694
886 1765
903 1836
920 1907
937 1978
954 2049
971 2120
988 2191
1005 2262
1022 2333
1039 2404
1056 2475
1073 2546
1090 2617
1107 2688
1124 2759
1141 2830
1158 2901
1175 2972
1192 44
1209 115
1226 186
1243 257
1260 328
1277 399
1294 470
1311 541
1328 612
1345 683
1362 754
1379 825
1396 896
1413 967
1430 1038
1447 1109
1464 1180
1481 1251
1498 1322
1515 1393
1532 1464
1549 1535
1566 1606
1583 1677
1600 1748
1617 1819
1634 1890
1651 1961
1668 2032
1685 2103
1702 2174
1719 2245
1736 2316
1753 2387
1770 2458
1787 2529
1804 2600
1821 2671
1838 2742
1855 2813
1872 2884
1889 2955
1906 27
1923 98
1940 169
1957 240
1974 311
1991 382
2008 453
2025 524
2042 595
2059 666
2076 737
2093 808
2110 879
2127 950
2144 1021
2161 1092
2178 1163
2195 1234
2212 1305
2229 1376
2246 1447
2263 1518
2280 1589
2297 1660
2314 1731
2331 1802
2348 1873
2365 1944
2382 2015
2399 2086
2416 2157
2433 2228
2450 2299
2467 2370
2484 2441
2501 2512
2518 2583
2535 2654
2552 2725
2569 2796
2586 2867
2603 2938
2620 10
2637 81
2654 152
2671 223
2688 294
2705 365
2722 436
2739 507
2756 578
2773 649
2790 720
2807 791
2824 862
2841 933
2858 1004
2875 1075
2892 1146
2909 1217
2926 1288
2943 1359
2960 1430
2977 1501
2994 1572
11 1643
28 1714
45 1785
62 1856
79 1927
96 1998
113 2069
130 2140
147 2211
164 2282
181 2353
198 2424
215 2495
232 2566
249 2637
266 2708
283 2779
300 2850
317 2921
334 2992
351 64
368 135
385 206
402 277
419 348
436 419
453 490
470 561
487 632
504 703
521 774
538 845
555 916
572 987
589 1058
606 1129
623 1200
640 1271
657 1342
674 1413
691 1484
708 1555
725 1626
742 1697
759 1768
776 1839
793 1910
810 1981
827 2052
844 2123
861 2194
878 2265
895 2336
912 2407
929 2478
946 2549
963 2620
980 2691
997 2762
1014 2833
1031 2904
1048 2975
1065 47
1082 118
1099 189
1116 260
1133 331
1150 402
1167 473
1184 544
1201 615
1218 686
1235 757
1252 828
1269 899
1286 970
1303 1041
1320 1112
1337 1183
1354 1254
1371 1325
1388 1396
1405 1467
1422 1538
1439 1609
1456 1680
1473 1751
1490 1822
1507 1893
1524 1964
1541 2035
1558 2106
1575 2177
1592 2248
1609 2319
1626 2390
1643 2461
1660 2532
1677 2603
1694 2674
1711 2745
1728 2816
1745 2887
1762 2958
1779 30
1796 101
1813 172
1830 243
1847 314
1864 385
1881 456
1898 527
1915 598
1932 669
1949 740
1966 811
1983 882
2000 953
2017 1024
2034 1095
2051 1166
2068 1237
2085 1308
2102 1379
2119 1450
2136 1521
2153 1592
2170 1663
2187 1734
2204 1805
2221 1876
2238 1947
2255 2018
2272 2089
2289 2160
2306 2231
2323 2302
2340 2373
2357 2444
2374 2515
2391 2586
2408 2657
2425 2728
2442 2799
2459 2870
2476 2941
2493 13
2510 84
2527 155
2544 226
2561 297
2578 368
2595 439
2612 510
2629 581
2646 652
2663 723
2680 794
2697 865
2714 936
2731 1007
2748 1078
2765 1149
2782 1220
2799 1291
2816 1362
2833 1433
2850 1504
2867 1575
2884 1646
2901 1717
2918 1788
2935 1859
2952 1930
2969 2001
2986 2072
3 2143
20 2214
37 2285
54 2356
71 2427
88 2498
105 2569
122 2640
139 2711
156 2782
173 2853
190 2924
207 2995
224 67
241 138
258 209
275 280
292 351
309 422
326 493
343 564
360 635
377 706
394 777
411 848
428 919
445 990
462 1061
479 1132
496 1203
513 1274
530 1345
547 1416
564 1487
581 1558
598 1629
615 1700
632 1771
649 1842
666 1913
683 1984
700 2055
717 2126
734 2197
751 2268
768 2339
785 2410
802 2481
819 2552
836 2623
853 2694
870 2765
887 2836
904 2907
921 2978
938 50
955 121
972 192
989 263
1006 334
1023 405
1040 476
1057 547
1074 618
1091 689
1108 760
1125 831
1142 902
1159 973
1176 1044
1193 1115
1210 1186
1227 1257
1244 1328
1261 1399
1278 1470
1295 1541
1312 1612
1329 1683
1346 1754
1363 1825
1380 1896
1397 1967
1414 2038
1431 2109
1448 2180
1465 2251
1482 2322
1499 2393
1516 2464
1533 2535
1550 2606
1567 2677
1584 2748
1601 2819
1618 2890
1635 2961
1652 33
1669 104
1686 175
1703 246
1720 317
1737 388
1754 459
1771 530
1788 601
1805 672
1822 743
1839 814
1856 885
1873 956
1890 1027
1907 1098
1924 1169
1941 1240
1958 1311
1975 1382
1992 1453
2009 1524
2026 1595
2043 1666
2060 1737
2077 1808
2094 1879
2111 1950
2128 2021
2145 2092
2162 2163
2179 2234
2196 2305
2213 2376
2230 2447
2247 2518
2264 2589
2281 2660
2298 2731
2315 2802
2332 2873
2349 2944
2366 16
2383 87
2400 158
2417 229
2434 300
2451 371
2468 442
2485 513
2502 584
2519 655
2536 726
2553 797
2570 868
2587 939
2604 1010
2621 1081
2638 1152
2655 1223
2672 1294
2689 1365
2706 1436
2723 1507
2740 1578
2757 1649
2774 1720
2791 1791
2808 1862
2825 1933
2842 2004
2859 2075
2876 2146
2893 2217
2910 2288
2927 2359
2944 2430
2961 2501
2978 2572
2995 2643
12 2714
29 2785
46 2856
63 2927
80 2998
97 70
114 141
131 212
148 283
165 354
182 425
199 496
216 567
233 638
250 709
267 780
284 851
301 922
318 993
335 1064
352 1135
369 1206
386 1277
403 1348
420 1419
437 1490
454 1561
471 1632
488 1703
505 1774
522 1845
539 1916
556 1987
573 2058
590 2129
607 2200
624 2271
641 2342
658 2413
675 2484
692 2555
709 2626
726 2697
743 2768
760 2839
777 2910
794 2981
811 53
828 124
845 195
862 266
879 337
896 408
913 479
930 550
947 621
964 692
981 763
998 834
1015 905
1032 976
1049 1047
1066 1118
1083 1189
1100 1260
1117 1331
1134 1402
1151 1473
1168 1544
1185 1615
1202 1686
1219 1757
1236 1828
1253 1899
1270 1970
1287 2041
1304 2112
1321 2183
1338 2254
1355 2325
1372 2396
1389 2467
1406 2538
1423 2609
1440 2680
1457 2751
1474 2822
1491 2893
1508 2964
1525 36
1542 107
1559 178
1576 249
1593 320
1610 391
1627 462
1644 533
1661 604
1678 675
1695 746
1712 817
1729 888
1746 959
1763 1030
1780 1101
1797 1172
1814 1243
1831 1314
1848 1385
1865 1456
1882 1527
1899 1598
1916 1669
1933 1740
1950 1811
1967 1882
1984 1953
2001 2024
