200 100 50
2 30
3 59
4 88
1 17
2 46
3 75
4 4
1 33
2 62
3 91
4 20
1 49
2 78
3 7
4 36
1 65
2 94
3 23
4 52
1 81
2 10
3 39
4 68
1 97
2 26
3 55
4 84
1 13
2 42
3 71
4 100
1 29
2 58
3 87
4 16
1 45
2 74
3 3
4 32
1 61
2 90
3 19
4 48
1 77
2 6
3 35
4 64
1 93
2 22
3 51
4 80
1 9
2 38
3 67
4 96
1 25
2 54
3 83
4 12
1 41
2 70
3 99
4 28
1 57
2 86
3 15
4 44
1 73
2 2
3 31
4 60
1 89
2 18
3 47
4 76
1 5
2 34
3 63
4 92
1 21
2 50
3 79
4 8
1 37
2 66
3 95
4 24
1 53
2 82
3 11
4 40
1 69
2 98
3 27
4 56
1 85
2 14
3 43
4 72
1 1
2 30
3 59
4 88
1 17
2 46
3 75
4 4
1 33
2 62
3 91
4 20
1 49
2 78
3 7
4 36
1 65
2 94
3 23
4 52
1 81
2 10
3 39
4 68
1 97
2 26
3 55
4 84
1 13
2 42
3 71
4 100
1 29
2 58
3 87
4 16
1 45
2 74
3 3
4 32
1 61
2 90
3 19
4 48
1 77
2 6
3 35
4 64
1 93
2 22
3 51
4 80
1 9
2 38
3 67
4 96
1 25
2 54
3 83
4 12
1 41
2 70
3 99
4 28
1 57
2 86
3 15
4 44
1 73
2 2
3 31
4 60
1 89
2 18
3 47
4 76
1 5
2 34
3 63
4 92
1 21
2 50
3 79
4 8
1 37
2 66
3 95
4 24
1 53
2 82
3 11
4 40
1 69
2 98
3 27
4 56
1 85
2 14
3 43
4 72
1 1
