1000 300 3000
2 2637
3 2674
4 2711
5 2748
6 2785
7 2822
1 2859
2 2896
3 2933
4 2970
5 3007
6 3044
7 3081
1 3118
2 3155
3 3192
4 3229
5 3266
6 2602
7 2639
1 2676
2 2713
3 2750
4 2787
5 2824
6 2861
7 2898
1 2935
2 2972
3 3009
4 3046
5 3083
6 3120
7 3157
1 3194
2 3231
3 3268
4 2604
5 2641
6 2678
7 2715
1 2752
2 2789
3 2826
4 2863
5 2900
6 2937
7 2974
1 3011
2 3048
3 3085
4 3122
5 3159
6 3196
7 3233
1 3270
2 2606
3 2643
4 2680
5 2717
6 2754
7 2791
1 2828
2 2865
3 2902
4 2939
5 2976
6 3013
7 3050
1 3087
2 3124
3 3161
4 3198
5 3235
6 3272
7 2608
1 2645
2 2682
3 2719
4 2756
5 2793
6 2830
7 2867
1 2904
2 2941
3 2978
4 3015
5 3052
6 3089
7 3126
1 3163
2 3200
3 3237
4 3274
5 2610
6 2647
7 2684
1 2721
2 2758
3 2795
4 2832
5 2869
6 2906
7 2943
1 2980
2 3017
3 3054
4 3091
5 3128
6 3165
7 3202
1 3239
2 3276
3 2612
4 2649
5 2686
6 2723
7 2760
1 2797
2 2834
3 2871
4 2908
5 2945
6 2982
7 3019
1 3056
2 3093
3 3130
4 3167
5 3204
6 3241
7 3278
1 2614
2 2651
3 2688
4 2725
5 2762
6 2799
7 2836
1 2873
2 2910
3 2947
4 2984
5 3021
6 3058
7 3095
1 3132
2 3169
3 3206
4 3243
5 3280
6 2616
7 2653
1 2690
2 2727
3 2764
4 2801
5 2838
6 2875
7 2912
1 2949
2 2986
3 3023
4 3060
5 3097
6 3134
7 3171
1 3208
2 3245
3 3282
4 2618
5 2655
6 2692
7 2729
1 2766
2 2803
3 2840
4 2877
5 2914
6 2951
7 2988
1 3025
2 3062
3 3099
4 3136
5 3173
6 3210
7 3247
1 3284
2 2620
3 2657
4 2694
5 2731
6 2768
7 2805
1 2842
2 2879
3 2916
4 2953
5 2990
6 3027
7 3064
1 3101
2 3138
3 3175
4 3212
5 3249
6 3286
7 2622
1 2659
2 2696
3 2733
4 2770
5 2807
6 2844
7 2881
1 2918
2 2955
3 2992
4 3029
5 3066
6 3103
7 3140
1 3177
2 3214
3 3251
4 3288
5 2624
6 2661
7 2698
1 2735
2 2772
3 2809
4 2846
5 2883
6 2920
7 2957
1 2994
2 3031
3 3068
4 3105
5 3142
6 3179
7 3216
1 3253
2 3290
3 2626
4 2663
5 2700
6 2737
7 2774
1 2811
2 2848
3 2885
4 2922
5 2959
6 2996
7 3033
1 3070
2 3107
3 3144
4 3181
5 3218
6 3255
7 3292
1 2628
2 2665
3 2702
4 2739
5 2776
6 2813
7 2850
1 2887
2 2924
3 2961
4 2998
5 3035
6 3072
7 3109
1 3146
2 3183
3 3220
4 3257
5 3294
6 2630
7 2667
1 2704
2 2741
3 2778
4 2815
5 2852
6 2889
7 2926
1 2963
2 3000
3 3037
4 3074
5 3111
6 3148
7 3185
1 3222
2 3259
3 3296
4 2632
5 2669
6 2706
7 2743
1 2780
2 2817
3 2854
4 2891
5 2928
6 2965
7 3002
1 3039
2 3076
3 3113
4 3150
5 3187
6 3224
7 3261
1 3298
2 2634
3 2671
4 2708
5 2745
6 2782
7 2819
1 2856
2 2893
3 2930
4 2967
5 3004
6 3041
7 3078
1 3115
2 3152
3 3189
4 3226
5 3263
6 3300
7 2636
1 2673
2 2710
3 2747
4 2784
5 2821
6 2858
7 2895
1 2932
2 2969
3 3006
4 3043
5 3080
6 3117
7 3154
1 3191
2 3228
3 3265
4 2601
5 2638
6 2675
7 2712
1 2749
2 2786
3 2823
4 2860
5 2897
6 2934
7 2971
1 3008
2 3045
3 3082
4 3119
5 3156
6 3193
7 3230
1 3267
2 2603
3 2640
4 2677
5 2714
6 2751
7 2788
1 2825
2 2862
3 2899
4 2936
5 2973
6 3010
7 3047
1 3084
2 3121
3 3158
4 3195
5 3232
6 3269
7 2605
1 2642
2 2679
3 2716
4 2753
5 2790
6 2827
7 2864
1 2901
2 2938
3 2975
4 3012
5 3049
6 3086
7 3123
1 3160
2 3197
3 3234
4 3271
5 2607
6 2644
7 2681
1 2718
2 2755
3 2792
4 2829
5 2866
6 2903
7 2940
1 2977
2 3014
3 3051
4 3088
5 3125
6 3162
7 3199
1 3236
2 3273
3 2609
4 2646
5 2683
6 2720
7 2757
1 2794
2 2831
3 2868
4 2905
5 2942
6 2979
7 3016
1 3053
2 3090
3 3127
4 3164
5 3201
6 3238
7 3275
1 2611
2 2648
3 2685
4 2722
5 2759
6 2796
7 2833
1 2870
2 2907
3 2944
4 2981
5 3018
6 3055
7 3092
1 3129
2 3166
3 3203
4 3240
5 3277
6 2613
7 2650
1 2687
2 2724
3 2761
4 2798
5 2835
6 2872
7 2909
1 2946
2 2983
3 3020
4 3057
5 3094
6 3131
7 3168
1 3205
2 3242
3 3279
4 2615
5 2652
6 2689
7 2726
1 2763
2 2800
3 2837
4 2874
5 2911
6 2948
7 2985
1 3022
2 3059
3 3096
4 3133
5 3170
6 3207
7 3244
1 3281
2 2617
3 2654
4 2691
5 2728
6 2765
7 2802
1 2839
2 2876
3 2913
4 2950
5 2987
6 3024
7 3061
1 3098
2 3135
3 3172
4 3209
5 3246
6 3283
7 2619
1 2656
2 2693
3 2730
4 2767
5 2804
6 2841
7 2878
1 2915
2 2952
3 2989
4 3026
5 3063
6 3100
7 3137
1 3174
2 3211
3 3248
4 3285
5 2621
6 2658
7 2695
1 2732
2 2769
3 2806
4 2843
5 2880
6 2917
7 2954
1 2991
2 3028
3 3065
4 3102
5 3139
6 3176
7 3213
1 3250
2 3287
3 2623
4 2660
5 2697
6 2734
7 2771
1 2808
2 2845
3 2882
4 2919
5 2956
6 2993
7 3030
1 3067
2 3104
3 3141
4 3178
5 3215
6 3252
7 3289
1 2625
2 2662
3 2699
4 2736
5 2773
6 2810
7 2847
1 2884
2 2921
3 2958
4 2995
5 3032
6 3069
7 3106
1 3143
2 3180
3 3217
4 3254
5 3291
6 2627
7 2664
1 2701
2 2738
3 2775
4 2812
5 2849
6 2886
7 2923
1 2960
2 2997
3 3034
4 3071
5 3108
6 3145
7 3182
1 3219
2 3256
3 3293
4 2629
5 2666
6 2703
7 2740
1 2777
2 2814
3 2851
4 2888
5 2925
6 2962
7 2999
1 3036
2 3073
3 3110
4 3147
5 3184
6 3221
7 3258
1 3295
2 2631
3 2668
4 2705
5 2742
6 2779
7 2816
1 2853
2 2890
3 2927
4 2964
5 3001
6 3038
7 3075
1 3112
2 3149
3 3186
4 3223
5 3260
6 3297
7 2633
1 2670
2 2707
3 2744
4 2781
5 2818
6 2855
7 2892
1 2929
2 2966
3 3003
4 3040
5 3077
6 3114
7 3151
1 3188
2 3225
3 3262
4 3299
5 2635
6 2672
7 2709
1 2746
2 2783
3 2820
4 2857
5 2894
6 2931
7 2968
1 3005
2 3042
3 3079
4 3116
5 3153
6 3190
7 3227
1 3264
2 2600
3 2637
4 2674
5 2711
6 2748
7 2785
1 2822
2 2859
3 2896
4 2933
5 2970
6 3007
7 3044
1 3081
2 3118
3 3155
4 3192
5 3229
6 3266
7 2602
1 2639
2 2676
3 2713
4 2750
5 2787
6 2824
7 2861
1 2898
2 2935
3 2972
4 3009
5 3046
6 3083
7 3120
1 3157
2 3194
3 3231
4 3268
5 2604
6 2641
7 2678
1 2715
2 2752
3 2789
4 2826
5 2863
6 2900
7 2937
1 2974
2 3011
3 3048
4 3085
5 3122
6 3159
7 3196
1 3233
2 3270
3 2606
4 2643
5 2680
6 2717
7 2754
1 2791
2 2828
3 2865
4 2902
5 2939
6 2976
7 3013
1 3050
2 3087
3 3124
4 3161
5 3198
6 3235
7 3272
1 2608
2 2645
3 2682
4 2719
5 2756
6 2793
7 2830
1 2867
2 2904
3 2941
4 2978
5 3015
6 3052
7 3089
1 3126
2 3163
3 3200
4 3237
5 3274
6 2610
7 2647
1 2684
2 2721
3 2758
4 2795
5 2832
6 2869
7 2906
1 2943
2 2980
3 3017
4 3054
5 3091
6 3128
7 3165
1 3202
2 3239
3 3276
4 2612
5 2649
6 2686
7 2723
1 2760
2 2797
3 2834
4 2871
5 2908
6 2945
7 2982
1 3019
2 3056
3 3093
4 3130
5 3167
6 3204
7 3241
1 3278
2 2614
3 2651
4 2688
5 2725
6 2762
7 2799
1 2836
2 2873
3 2910
4 2947
5 2984
6 3021
7 3058
1 3095
2 3132
3 3169
4 3206
5 3243
6 3280
7 2616
1 2653
2 2690
3 2727
4 2764
5 2801
6 2838
7 2875
1 2912
2 2949
3 2986
4 3023
5 3060
6 3097
7 3134
1 3171
2 3208
3 3245
4 3282
5 2618
6 2655
7 2692
1 2729
2 2766
3 2803
4 2840
5 2877
6 2914
7 2951
1 2988
2 3025
3 3062
4 3099
5 3136
6 3173
7 3210
1 3247
2 3284
3 2620
4 2657
5 2694
6 2731
7 2768
1 2805
2 2842
3 2879
4 2916
5 2953
6 2990
7 3027
1 3064
2 3101
3 3138
4 3175
5 3212
6 3249
7 3286
1 2622
2 2659
3 2696
4 2733
5 2770
6 2807
7 2844
1 2881
2 2918
3 2955
4 2992
5 3029
6 3066
7 3103
1 3140
2 3177
3 3214
4 3251
5 3288
6 2624
7 2661
1 2698
2 2735
3 2772
4 2809
5 2846
6 2883
7 2920
1 2957
2 2994
3 3031
4 3068
5 3105
6 3142
7 3179
1 3216
2 3253
3 3290
4 2626
5 2663
6 2700
7 2737
1 2774
2 2811
3 2848
4 2885
5 2922
6 2959
7 2996
1 3033
2 3070
3 3107
4 3144
5 3181
6 3218
7 3255
1 3292
2 2628
3 2665
4 2702
5 2739
6 2776
7 2813
1 2850
2 2887
3 2924
4 2961
5 2998
6 3035
7 3072
1 3109
2 3146
3 3183
4 3220
5 3257
6 3294
7 2630
1 2667
2 2704
3 2741
4 2778
5 2815
6 2852
7 2889
1 2926
2 2963
3 3000
4 3037
5 3074
6 3111
7 3148
