999 299 1000
5 753
2 806
1 859
2 912
5 965
1 1018
8 1071
8 1124
1 1177
5 1230
2 1283
1 735
2 788
5 841
1 894
8 947
8 1000
1 1053
5 1106
2 1159
1 1212
2 1265
5 717
1 770
8 823
8 876
1 929
5 982
2 1035
1 1088
2 1141
5 1194
1 1247
8 1300
8 752
1 805
5 858
2 911
1 964
2 1017
5 1070
1 1123
8 1176
8 1229
1 1282
5 734
2 787
1 840
2 893
5 946
1 999
8 1052
8 1105
1 1158
5 1211
2 1264
1 716
2 769
5 822
1 875
8 928
8 981
1 1034
5 1087
2 1140
1 1193
2 1246
5 1299
1 751
8 804
8 857
1 910
5 963
2 1016
1 1069
2 1122
5 1175
1 1228
8 1281
8 733
1 786
5 839
2 892
1 945
2 998
5 1051
1 1104
8 1157
8 1210
1 1263
5 715
2 768
1 821
2 874
5 927
1 980
8 1033
8 1086
1 1139
5 1192
2 1245
1 1298
2 750
5 803
1 856
8 909
8 962
1 1015
5 1068
2 1121
1 1174
2 1227
5 1280
1 732
8 785
8 838
1 891
5 944
2 997
1 1050
2 1103
5 1156
1 1209
8 1262
8 714
1 767
5 820
2 873
1 926
2 979
5 1032
1 1085
8 1138
8 1191
1 1244
5 1297
2 749
1 802
2 855
5 908
1 961
8 1014
8 1067
1 1120
5 1173
2 1226
1 1279
2 731
5 784
1 837
8 890
8 943
1 996
5 1049
2 1102
1 1155
2 1208
5 1261
1 713
8 766
8 819
1 872
5 925
2 978
1 1031
2 1084
5 1137
1 1190
8 1243
8 1296
1 748
5 801
2 854
1 907
2 960
5 1013
1 1066
8 1119
8 1172
1 1225
5 1278
2 730
1 783
2 836
5 889
1 942
8 995
8 1048
1 1101
5 1154
2 1207
1 1260
2 712
5 765
1 818
8 871
8 924
1 977
5 1030
2 1083
1 1136
2 1189
5 1242
1 1295
8 747
8 800
1 853
5 906
2 959
1 1012
2 1065
5 1118
1 1171
8 1224
8 1277
1 729
5 782
2 835
1 888
2 941
5 994
1 1047
8 1100
8 1153
1 1206
5 1259
2 711
1 764
2 817
5 870
1 923
8 976
8 1029
1 1082
5 1135
2 1188
1 1241
2 1294
5 746
1 799
8 852
8 905
1 958
5 1011
2 1064
1 1117
2 1170
5 1223
1 1276
8 728
8 781
1 834
5 887
2 940
1 993
2 1046
5 1099
1 1152
8 1205
8 1258
1 710
5 763
2 816
1 869
2 922
5 975
1 1028
8 1081
8 1134
1 1187
5 1240
2 1293
1 745
2 798
5 851
1 904
8 957
8 1010
1 1063
5 1116
2 1169
1 1222
2 1275
5 727
1 780
8 833
8 886
1 939
5 992
2 1045
1 1098
2 1151
5 1204
1 1257
8 709
8 762
1 815
5 868
2 921
1 974
2 1027
5 1080
1 1133
8 1186
8 1239
1 1292
5 744
2 797
1 850
2 903
5 956
1 1009
8 1062
8 1115
1 1168
5 1221
2 1274
1 726
2 779
5 832
1 885
8 938
8 991
1 1044
5 1097
2 1150
1 1203
2 1256
5 708
1 761
8 814
8 867
1 920
5 973
2 1026
1 1079
2 1132
5 1185
1 1238
8 1291
8 743
1 796
5 849
2 902
1 955
2 1008
5 1061
1 1114
8 1167
8 1220
1 1273
5 725
2 778
1 831
2 884
5 937
1 990
8 1043
8 1096
1 1149
5 1202
2 1255
1 707
2 760
5 813
1 866
8 919
8 972
1 1025
5 1078
2 1131
1 1184
2 1237
5 1290
1 742
8 795
8 848
1 901
5 954
2 1007
1 1060
2 1113
5 1166
1 1219
8 1272
8 724
1 777
5 830
2 883
1 936
2 989
5 1042
1 1095
8 1148
8 1201
1 1254
5 706
2 759
1 812
2 865
5 918
1 971
8 1024
8 1077
1 1130
5 1183
2 1236
1 1289
2 741
5 794
1 847
8 900
8 953
1 1006
5 1059
2 1112
1 1165
2 1218
5 1271
1 723
8 776
8 829
1 882
5 935
2 988
1 1041
2 1094
5 1147
1 1200
8 1253
8 705
1 758
5 811
2 864
1 917
2 970
5 1023
1 1076
8 1129
8 1182
1 1235
5 1288
2 740
1 793
2 846
5 899
1 952
8 1005
8 1058
1 1111
5 1164
2 1217
1 1270
2 722
5 775
1 828
8 881
8 934
1 987
5 1040
2 1093
1 1146
2 1199
5 1252
1 704
8 757
8 810
1 863
5 916
2 969
1 1022
2 1075
5 1128
1 1181
8 1234
8 1287
1 739
5 792
2 845
1 898
2 951
5 1004
1 1057
8 1110
8 1163
1 1216
5 1269
2 721
1 774
2 827
5 880
1 933
8 986
8 1039
1 1092
5 1145
2 1198
1 1251
2 703
5 756
1 809
8 862
8 915
1 968
5 1021
2 1074
1 1127
2 1180
5 1233
1 1286
8 738
8 791
1 844
5 897
2 950
1 1003
2 1056
5 1109
1 1162
8 1215
8 1268
1 720
5 773
2 826
1 879
2 932
5 985
1 1038
8 1091
8 1144
1 1197
5 1250
2 702
1 755
2 808
5 861
1 914
8 967
8 1020
1 1073
5 1126
2 1179
1 1232
2 1285
5 737
1 790
8 843
8 896
1 949
5 1002
2 1055
1 1108
2 1161
5 1214
1 1267
8 719
8 772
1 825
5 878
2 931
1 984
2 1037
5 1090
1 1143
8 1196
8 1249
1 701
5 754
2 807
1 860
2 913
5 966
1 1019
8 1072
8 1125
1 1178
5 1231
2 1284
1 736
2 789
5 842
1 895
8 948
8 1001
1 1054
5 1107
2 1160
1 1213
2 1266
5 718
1 771
8 824
8 877
1 930
5 983
2 1036
1 1089
2 1142
5 1195
1 1248
8 700
8 753
1 806
5 859
2 912
1 965
2 1018
5 1071
1 1124
8 1177
8 1230
1 1283
5 735
2 788
1 841
2 894
5 947
1 1000
8 1053
8 1106
1 1159
5 1212
2 1265
1 717
2 770
5 823
1 876
8 929
8 982
1 1035
5 1088
2 1141
1 1194
2 1247
5 1300
1 752
8 805
8 858
1 911
5 964
2 1017
1 1070
2 1123
5 1176
1 1229
8 1282
8 734
1 787
5 840
2 893
1 946
2 999
5 1052
1 1105
8 1158
8 1211
1 1264
5 716
2 769
1 822
2 875
5 928
1 981
8 1034
8 1087
1 1140
5 1193
2 1246
1 1299
2 751
5 804
1 857
8 910
8 963
1 1016
5 1069
2 1122
1 1175
2 1228
5 1281
1 733
8 786
8 839
1 892
5 945
2 998
1 1051
2 1104
5 1157
1 1210
8 1263
8 715
1 768
5 821
2 874
1 927
2 980
5 1033
1 1086
8 1139
8 1192
1 1245
5 1298
2 750
1 803
2 856
5 909
1 962
8 1015
8 1068
1 1121
5 1174
2 1227
1 1280
2 732
5 785
1 838
8 891
8 944
1 997
5 1050
2 1103
1 1156
2 1209
5 1262
1 714
8 767
8 820
1 873
5 926
2 979
1 1032
2 1085
5 1138
1 1191
8 1244
8 1297
1 749
5 802
2 855
1 908
2 961
5 1014
1 1067
8 1120
8 1173
1 1226
5 1279
2 731
1 784
2 837
5 890
1 943
8 996
8 1049
1 1102
5 1155
2 1208
1 1261
2 713
5 766
1 819
8 872
8 925
1 978
5 1031
2 1084
1 1137
2 1190
5 1243
1 1296
8 748
8 801
1 854
5 907
2 960
1 1013
2 1066
5 1119
1 1172
8 1225
8 1278
1 730
5 783
2 836
1 889
2 942
5 995
1 1048
8 1101
8 1154
1 1207
5 1260
2 712
1 765
2 818
5 871
1 924
8 977
8 1030
1 1083
5 1136
2 1189
1 1242
2 1295
5 747
1 800
8 853
8 906
1 959
5 1012
2 1065
1 1118
2 1171
5 1224
1 1277
8 729
8 782
1 835
5 888
2 941
1 994
2 1047
5 1100
1 1153
8 1206
8 1259
1 711
5 764
2 817
1 870
2 923
5 976
1 1029
8 1082
8 1135
1 1188
5 1241
2 1294
1 746
2 799
5 852
1 905
8 958
8 1011
1 1064
5 1117
2 1170
1 1223
2 1276
5 728
1 781
8 834
8 887
1 940
5 993
2 1046
1 1099
2 1152
5 1205
1 1258
8 710
8 763
1 816
5 869
2 922
1 975
2 1028
5 1081
1 1134
8 1187
8 1240
1 1293
5 745
2 798
1 851
2 904
5 957
1 1010
8 1063
8 1116
1 1169
5 1222
2 1275
1 727
2 780
5 833
1 886
8 939
8 992
1 1045
5 1098
2 1151
1 1204
2 1257
5 709
1 762
8 815
8 868
1 921
5 974
2 1027
1 1080
2 1133
5 1186
1 1239
8 1292
8 744
1 797
5 850
2 903
1 956
2 1009
5 1062
1 1115
8 1168
8 1221
1 1274
5 726
2 779
1 832
2 885
5 938
1 991
8 1044
8 1097
1 1150
5 1203
2 1256
1 708
2 761
5 814
1 867
8 920
8 973
1 1026
5 1079
2 1132
1 1185
2 1238
5 1291
1 743
8 796
8 849
1 902
5 955
2 1008
1 1061
2 1114
5 1167
1 1220
8 1273
8 725
1 778
5 831
2 884
1 937
2 990
5 1043
1 1096
8 1149
8 1202
1 1255
5 707
2 760
1 813
2 866
5 919
1 972
8 1025
8 1078
1 1131
5 1184
2 1237
1 1290
2 742
5 795
1 848
8 901
8 954
1 1007
5 1060
2 1113
1 1166
2 1219
5 1272
1 724
8 777
8 830
1 883
5 936
2 989
1 1042
2 1095
5 1148
1 1201
8 1254
8 706
1 759
