100 301 100
2 132
3 263
4 94
5 225
6 56
7 187
8 18
9 149
1 280
2 111
3 242
4 73
5 204
6 35
7 166
8 297
9 128
1 259
2 90
3 221
4 52
5 183
6 14
7 145
8 276
9 107
1 238
2 69
3 200
4 31
5 162
6 293
7 124
8 255
9 86
1 217
2 48
3 179
4 10
5 141
6 272
7 103
8 234
9 65
1 196
2 27
3 158
4 289
5 120
6 251
7 82
8 213
9 44
1 175
2 6
3 137
4 268
5 99
6 230
7 61
8 192
9 23
1 154
2 285
3 116
4 247
5 78
6 209
7 40
8 171
9 2
1 133
2 264
3 95
4 226
5 57
6 188
7 19
8 150
9 281
1 112
2 243
3 74
4 205
5 36
6 167
7 298
8 129
9 260
1 91
2 222
3 53
4 184
5 15
6 146
7 277
8 108
9 239
1 70
2 201
