500 1500 500
4 367
7 384
10 401
2 418
5 435
8 452
11 469
3 486
6 503
9 520
1 537
4 554
7 571
10 588
2 605
5 622
8 639
11 355
3 372
6 389
9 406
1 423
4 440
7 457
10 474
2 491
5 508
8 525
11 542
3 559
6 576
9 593
1 610
4 627
7 644
10 360
2 377
5 394
8 411
11 428
3 445
6 462
9 479
1 496
4 513
7 530
10 547
2 564
5 581
8 598
11 615
3 632
6 649
9 365
1 382
4 399
7 416
10 433
2 450
5 467
8 484
11 501
3 518
6 535
9 552
1 569
4 586
7 603
10 620
2 637
5 353
8 370
11 387
3 404
6 421
9 438
1 455
4 472
7 489
10 506
2 523
5 540
8 557
11 574
3 591
6 608
9 625
1 642
4 358
7 375
10 392
2 409
5 426
8 443
11 460
3 477
6 494
9 511
1 528
4 545
7 562
10 579
2 596
5 613
8 630
11 647
3 363
6 380
9 397
1 414
4 431
7 448
10 465
2 482
5 499
8 516
11 533
3 550
6 567
9 584
1 601
4 618
7 635
10 351
2 368
5 385
8 402
11 419
3 436
6 453
9 470
1 487
4 504
7 521
10 538
2 555
5 572
8 589
11 606
3 623
6 640
9 356
1 373
4 390
7 407
10 424
2 441
5 458
8 475
11 492
3 509
6 526
9 543
1 560
4 577
7 594
10 611
2 628
5 645
8 361
11 378
3 395
6 412
9 429
1 446
4 463
7 480
10 497
2 514
5 531
8 548
11 565
3 582
6 599
9 616
1 633
4 650
7 366
10 383
2 400
5 417
8 434
11 451
3 468
6 485
9 502
1 519
4 536
7 553
10 570
2 587
5 604
8 621
11 638
3 354
6 371
9 388
1 405
4 422
7 439
10 456
2 473
5 490
8 507
11 524
3 541
6 558
9 575
1 592
4 609
7 626
10 643
2 359
5 376
8 393
11 410
3 427
6 444
9 461
1 478
4 495
7 512
10 529
2 546
5 563
8 580
11 597
3 614
6 631
9 648
1 364
4 381
7 398
10 415
2 432
5 449
8 466
11 483
3 500
6 517
9 534
1 551
4 568
7 585
10 602
2 619
5 636
8 352
11 369
3 386
6 403
9 420
1 437
4 454
7 471
10 488
2 505
5 522
8 539
11 556
3 573
6 590
9 607
1 624
4 641
7 357
10 374
2 391
5 408
8 425
11 442
3 459
6 476
9 493
1 510
4 527
7 544
10 561
2 578
5 595
8 612
11 629
3 646
6 362
9 379
1 396
4 413
7 430
10 447
2 464
5 481
8 498
11 515
3 532
6 549
9 566
1 583
4 600
7 617
10 634
2 350
5 367
8 384
11 401
3 418
6 435
9 452
1 469
4 486
7 503
10 520
2 537
5 554
8 571
11 588
3 605
6 622
9 639
1 355
4 372
7 389
10 406
2 423
5 440
8 457
11 474
3 491
6 508
9 525
1 542
4 559
7 576
10 593
2 610
5 627
8 644
11 360
3 377
6 394
9 411
1 428
4 445
7 462
10 479
2 496
5 513
8 530
11 547
3 564
6 581
9 598
1 615
4 632
7 649
10 365
2 382
5 399
8 416
11 433
3 450
6 467
9 484
1 501
4 518
7 535
10 552
2 569
5 586
8 603
11 620
3 637
6 353
9 370
1 387
4 404
7 421
10 438
2 455
5 472
8 489
11 506
3 523
6 540
9 557
1 574
4 591
7 608
10 625
2 642
5 358
8 375
11 392
3 409
6 426
9 443
1 460
4 477
7 494
10 511
2 528
5 545
8 562
11 579
3 596
6 613
9 630
1 647
4 363
7 380
10 397
2 414
5 431
8 448
11 465
3 482
6 499
9 516
1 533
4 550
7 567
10 584
2 601
5 618
8 635
11 351
3 368
6 385
9 402
1 419
4 436
7 453
10 470
2 487
5 504
8 521
11 538
3 555
6 572
9 589
1 606
4 623
7 640
10 356
2 373
5 390
8 407
11 424
3 441
6 458
9 475
1 492
4 509
7 526
10 543
2 560
5 577
8 594
11 611
3 628
6 645
9 361
1 378
4 395
7 412
10 429
2 446
5 463
8 480
11 497
3 514
6 531
9 548
1 565
4 582
7 599
10 616
2 633
5 650
8 366
11 383
3 400
6 417
9 434
1 451
4 468
7 485
10 502
2 519
5 536
8 553
11 570
3 587
6 604
9 621
1 638
4 354
7 371
10 388
2 405
5 422
