1000 3000 3000
8 2857
4 2894
11 2931
7 2968
3 3005
10 3042
6 3079
2 3116
9 3153
5 3190
1 2826
8 2863
4 2900
11 2937
7 2974
3 3011
10 3048
6 3085
2 3122
9 3159
5 3196
1 2832
8 2869
4 2906
11 2943
7 2980
3 3017
10 3054
6 3091
2 3128
9 3165
5 3202
1 2838
8 2875
4 2912
11 2949
7 2986
3 3023
10 3060
6 3097
2 3134
9 3171
5 3208
1 2844
8 2881
4 2918
11 2955
7 2992
3 3029
10 3066
6 3103
2 3140
9 3177
5 3214
1 2850
8 2887
4 2924
11 2961
7 2998
3 3035
10 3072
6 3109
2 3146
9 3183
5 3220
1 2856
8 2893
4 2930
11 2967
7 3004
3 3041
10 3078
6 3115
2 3152
9 3189
5 2825
1 2862
8 2899
4 2936
11 2973
7 3010
3 3047
10 3084
6 3121
2 3158
9 3195
5 2831
1 2868
8 2905
4 2942
11 2979
7 3016
3 3053
10 3090
6 3127
2 3164
9 3201
5 2837
1 2874
8 2911
4 2948
11 2985
7 3022
3 3059
10 3096
6 3133
2 3170
9 3207
5 2843
1 2880
8 2917
4 2954
11 2991
7 3028
3 3065
10 3102
6 3139
2 3176
9 3213
5 2849
1 2886
8 2923
4 2960
11 2997
7 3034
3 3071
10 3108
6 3145
2 3182
9 3219
5 2855
1 2892
8 2929
4 2966
11 3003
7 3040
3 3077
10 3114
6 3151
2 3188
9 2824
5 2861
1 2898
8 2935
4 2972
11 3009
7 3046
3 3083
10 3120
6 3157
2 3194
9 2830
5 2867
1 2904
8 2941
4 2978
11 3015
7 3052
3 3089
10 3126
6 3163
2 3200
9 2836
5 2873
1 2910
8 2947
4 2984
11 3021
7 3058
3 3095
10 3132
6 3169
2 3206
9 2842
5 2879
1 2916
8 2953
4 2990
11 3027
7 3064
3 3101
10 3138
6 3175
2 3212
9 2848
5 2885
1 2922
8 2959
4 2996
11 3033
7 3070
3 3107
10 3144
6 3181
2 3218
9 2854
5 2891
1 2928
8 2965
4 3002
11 3039
7 3076
3 3113
10 3150
6 3187
2 2823
9 2860
5 2897
1 2934
8 2971
4 3008
11 3045
7 3082
3 3119
10 3156
6 3193
2 2829
9 2866
5 2903
1 2940
8 2977
4 3014
11 3051
7 3088
3 3125
10 3162
6 3199
2 2835
9 2872
5 2909
1 2946
8 2983
4 3020
11 3057
7 3094
3 3131
10 3168
6 3205
2 2841
9 2878
5 2915
1 2952
8 2989
4 3026
11 3063
7 3100
3 3137
10 3174
6 3211
2 2847
9 2884
5 2921
1 2958
8 2995
4 3032
11 3069
7 3106
3 3143
10 3180
6 3217
2 2853
9 2890
5 2927
1 2964
8 3001
4 3038
11 3075
7 3112
3 3149
10 3186
6 2822
2 2859
9 2896
5 2933
1 2970
8 3007
4 3044
11 3081
7 3118
3 3155
10 3192
6 2828
2 2865
9 2902
5 2939
1 2976
8 3013
4 3050
11 3087
7 3124
3 3161
10 3198
6 2834
2 2871
9 2908
5 2945
1 2982
8 3019
4 3056
11 3093
7 3130
3 3167
10 3204
6 2840
2 2877
9 2914
5 2951
1 2988
8 3025
4 3062
11 3099
7 3136
3 3173
10 3210
6 2846
2 2883
9 2920
5 2957
1 2994
8 3031
4 3068
11 3105
7 3142
3 3179
10 3216
6 2852
2 2889
9 2926
5 2963
1 3000
8 3037
4 3074
11 3111
7 3148
3 3185
10 2821
6 2858
2 2895
9 2932
5 2969
1 3006
8 3043
4 3080
11 3117
7 3154
3 3191
10 2827
6 2864
2 2901
9 2938
5 2975
1 3012
8 3049
4 3086
11 3123
7 3160
3 3197
10 2833
6 2870
2 2907
9 2944
5 2981
1 3018
8 3055
4 3092
11 3129
7 3166
3 3203
10 2839
6 2876
2 2913
9 2950
5 2987
1 3024
8 3061
4 3098
11 3135
7 3172
3 3209
10 2845
6 2882
2 2919
9 2956
5 2993
1 3030
8 3067
4 3104
11 3141
7 3178
3 3215
10 2851
6 2888
2 2925
9 2962
5 2999
1 3036
8 3073
4 3110
11 3147
7 3184
3 2820
10 2857
6 2894
2 2931
9 2968
5 3005
1 3042
8 3079
4 3116
11 3153
7 3190
3 2826
10 2863
6 2900
2 2937
9 2974
5 3011
1 3048
8 3085
4 3122
11 3159
7 3196
3 2832
10 2869
6 2906
2 2943
9 2980
5 3017
1 3054
8 3091
4 3128
11 3165
7 3202
3 2838
10 2875
6 2912
2 2949
9 2986
5 3023
1 3060
8 3097
4 3134
11 3171
7 3208
3 2844
10 2881
6 2918
2 2955
9 2992
5 3029
1 3066
8 3103
4 3140
11 3177
7 3214
3 2850
10 2887
6 2924
2 2961
9 2998
5 3035
1 3072
8 3109
4 3146
11 3183
7 3220
3 2856
10 2893
6 2930
2 2967
9 3004
5 3041
1 3078
8 3115
4 3152
11 3189
7 2825
3 2862
10 2899
6 2936
2 2973
9 3010
5 3047
1 3084
8 3121
4 3158
11 3195
7 2831
3 2868
10 2905
6 2942
2 2979
9 3016
5 3053
1 3090
8 3127
4 3164
11 3201
7 2837
3 2874
10 2911
6 2948
2 2985
9 3022
5 3059
1 3096
8 3133
4 3170
11 3207
7 2843
3 2880
10 2917
6 2954
2 2991
9 3028
5 3065
1 3102
8 3139
4 3176
11 3213
7 2849
3 2886
10 2923
6 2960
2 2997
9 3034
5 3071
1 3108
8 3145
4 3182
11 3219
7 2855
3 2892
10 2929
6 2966
2 3003
9 3040
5 3077
1 3114
8 3151
4 3188
11 2824
7 2861
3 2898
10 2935
6 2972
2 3009
9 3046
5 3083
1 3120
8 3157
4 3194
11 2830
7 2867
3 2904
10 2941
6 2978
2 3015
9 3052
5 3089
1 3126
8 3163
4 3200
11 2836
7 2873
3 2910
10 2947
6 2984
2 3021
9 3058
5 3095
1 3132
8 3169
4 3206
11 2842
7 2879
3 2916
10 2953
6 2990
2 3027
9 3064
5 3101
1 3138
8 3175
4 3212
11 2848
7 2885
3 2922
10 2959
6 2996
2 3033
9 3070
5 3107
1 3144
8 3181
4 3218
11 2854
7 2891
3 2928
10 2965
6 3002
2 3039
9 3076
5 3113
1 3150
8 3187
4 2823
11 2860
7 2897
3 2934
10 2971
6 3008
2 3045
9 3082
5 3119
1 3156
8 3193
4 2829
11 2866
7 2903
3 2940
10 2977
6 3014
2 3051
9 3088
5 3125
1 3162
8 3199
4 2835
11 2872
7 2909
3 2946
10 2983
6 3020
2 3057
9 3094
5 3131
1 3168
8 3205
4 2841
11 2878
7 2915
3 2952
10 2989
6 3026
2 3063
9 3100
5 3137
1 3174
8 3211
4 2847
11 2884
7 2921
3 2958
10 2995
6 3032
2 3069
9 3106
5 3143
1 3180
8 3217
4 2853
11 2890
7 2927
3 2964
10 3001
6 3038
2 3075
9 3112
5 3149
1 3186
8 2822
4 2859
11 2896
7 2933
3 2970
10 3007
6 3044
2 3081
9 3118
5 3155
1 3192
8 2828
4 2865
11 2902
7 2939
3 2976
10 3013
6 3050
2 3087
9 3124
5 3161
1 3198
8 2834
4 2871
11 2908
7 2945
3 2982
10 3019
6 3056
2 3093
9 3130
5 3167
1 3204
8 2840
4 2877
11 2914
7 2951
3 2988
10 3025
6 3062
2 3099
9 3136
5 3173
1 3210
8 2846
4 2883
11 2920
7 2957
3 2994
10 3031
6 3068
2 3105
9 3142
5 3179
1 3216
8 2852
4 2889
11 2926
7 2963
3 3000
10 3037
6 3074
2 3111
9 3148
5 3185
1 2821
8 2858
4 2895
11 2932
7 2969
3 3006
10 3043
6 3080
2 3117
9 3154
5 3191
1 2827
8 2864
4 2901
11 2938
7 2975
3 3012
10 3049
6 3086
2 3123
9 3160
5 3197
1 2833
8 2870
4 2907
11 2944
7 2981
3 3018
10 3055
6 3092
2 3129
9 3166
5 3203
1 2839
8 2876
4 2913
11 2950
7 2987
3 3024
10 3061
6 3098
2 3135
9 3172
5 3209
1 2845
8 2882
4 2919
11 2956
7 2993
3 3030
10 3067
6 3104
2 3141
9 3178
5 3215
1 2851
8 2888
4 2925
11 2962
7 2999
3 3036
10 3073
6 3110
2 3147
9 3184
5 2820
1 2857
8 2894
4 2931
11 2968
7 3005
3 3042
10 3079
6 3116
2 3153
9 3190
5 2826
1 2863
8 2900
4 2937
11 2974
7 3011
3 3048
10 3085
6 3122
2 3159
9 3196
5 2832
1 2869
8 2906
4 2943
11 2980
7 3017
3 3054
10 3091
6 3128
2 3165
9 3202
5 2838
1 2875
8 2912
4 2949
11 2986
7 3023
3 3060
10 3097
6 3134
2 3171
9 3208
5 2844
1 2881
8 2918
4 2955
11 2992
7 3029
3 3066
10 3103
6 3140
2 3177
9 3214
5 2850
1 2887
8 2924
4 2961
11 2998
7 3035
3 3072
10 3109
6 3146
2 3183
9 3220
5 2856
1 2893
8 2930
4 2967
11 3004
7 3041
3 3078
10 3115
6 3152
2 3189
9 2825
5 2862
1 2899
8 2936
4 2973
11 3010
7 3047
3 3084
10 3121
6 3158
2 3195
9 2831
5 2868
1 2905
8 2942
4 2979
11 3016
7 3053
3 3090
10 3127
6 3164
2 3201
9 2837
5 2874
1 2911
8 2948
4 2985
11 3022
7 3059
3 3096
10 3133
6 3170
2 3207
9 2843
5 2880
1 2917
8 2954
4 2991
11 3028
7 3065
3 3102
10 3139
6 3176
2 3213
9 2849
5 2886
1 2923
8 2960
4 2997
11 3034
7 3071
3 3108
10 3145
6 3182
2 3219
9 2855
5 2892
1 2929
8 2966
4 3003
11 3040
7 3077
3 3114
10 3151
6 3188
2 2824
9 2861
5 2898
1 2935
8 2972
4 3009
11 3046
7 3083
3 3120
10 3157
6 3194
2 2830
9 2867
5 2904
1 2941
8 2978
4 3015
11 3052
7 3089
3 3126
10 3163
6 3200
2 2836
9 2873
5 2910
1 2947
8 2984
4 3021
11 3058
7 3095
3 3132
10 3169
6 3206
2 2842
9 2879
5 2916
1 2953
8 2990
4 3027
11 3064
7 3101
3 3138
10 3175
6 3212
2 2848
9 2885
5 2922
1 2959
8 2996
4 3033
11 3070
7 3107
3 3144
10 3181
6 3218
2 2854
9 2891
5 2928
