1000 2999 1
8 998
2 1995
9 2992
3 3989
10 4986
4 5983
11 6980
5 7977
12 8974
6 9971
13 968
7 1965
1 2962
8 3959
2 4956
9 5953
3 6950
10 7947
4 8944
11 9941
5 938
12 1935
6 2932
13 3929
7 4926
1 5923
8 6920
2 7917
9 8914
3 9911
10 908
4 1905
11 2902
5 3899
12 4896
6 5893
13 6890
7 7887
1 8884
8 9881
2 878
9 1875
3 2872
10 3869
4 4866
11 5863
5 6860
12 7857
6 8854
13 9851
7 848
1 1845
8 2842
2 3839
9 4836
3 5833
10 6830
4 7827
11 8824
5 9821
12 818
6 1815
13 2812
7 3809
1 4806
8 5803
2 6800
9 7797
3 8794
10 9791
4 788
11 1785
5 2782
12 3779
6 4776
13 5773
7 6770
1 7767
8 8764
2 9761
9 758
3 1755
10 2752
4 3749
11 4746
5 5743
12 6740
6 7737
13 8734
7 9731
1 728
8 1725
2 2722
9 3719
3 4716
10 5713
4 6710
11 7707
5 8704
12 9701
6 698
13 1695
7 2692
1 3689
8 4686
2 5683
9 6680
3 7677
10 8674
4 9671
11 668
5 1665
12 2662
6 3659
13 4656
7 5653
1 6650
8 7647
2 8644
9 9641
3 638
10 1635
4 2632
11 3629
5 4626
12 5623
6 6620
13 7617
7 8614
1 9611
8 608
2 1605
9 2602
3 3599
10 4596
4 5593
11 6590
5 7587
12 8584
6 9581
13 578
7 1575
1 2572
8 3569
2 4566
9 5563
3 6560
10 7557
4 8554
11 9551
5 548
12 1545
6 2542
13 3539
7 4536
1 5533
8 6530
2 7527
9 8524
3 9521
10 518
4 1515
11 2512
5 3509
12 4506
6 5503
13 6500
7 7497
1 8494
8 9491
2 488
9 1485
3 2482
10 3479
4 4476
11 5473
5 6470
12 7467
6 8464
13 9461
7 458
1 1455
8 2452
2 3449
9 4446
3 5443
10 6440
4 7437
11 8434
5 9431
12 428
6 1425
13 2422
7 3419
1 4416
8 5413
2 6410
9 7407
3 8404
10 9401
4 398
11 1395
5 2392
12 3389
6 4386
13 5383
7 6380
1 7377
8 8374
2 9371
9 368
3 1365
10 2362
4 3359
11 4356
5 5353
12 6350
6 7347
13 8344
7 9341
1 338
8 1335
2 2332
9 3329
3 4326
10 5323
4 6320
11 7317
5 8314
12 9311
6 308
13 1305
7 2302
1 3299
8 4296
2 5293
9 6290
3 7287
10 8284
4 9281
11 278
5 1275
12 2272
6 3269
13 4266
7 5263
1 6260
8 7257
2 8254
9 9251
3 248
10 1245
4 2242
11 3239
5 4236
12 5233
6 6230
13 7227
7 8224
1 9221
8 218
2 1215
9 2212
3 3209
10 4206
4 5203
11 6200
5 7197
12 8194
6 9191
13 188
7 1185
1 2182
8 3179
2 4176
9 5173
3 6170
10 7167
4 8164
11 9161
5 158
12 1155
6 2152
13 3149
7 4146
1 5143
8 6140
2 7137
9 8134
3 9131
10 128
4 1125
11 2122
5 3119
12 4116
6 5113
13 6110
7 7107
1 8104
8 9101
2 98
9 1095
3 2092
10 3089
4 4086
11 5083
5 6080
12 7077
6 8074
13 9071
7 68
1 1065
8 2062
2 3059
9 4056
3 5053
10 6050
4 7047
11 8044
5 9041
12 38
6 1035
13 2032
7 3029
1 4026
8 5023
2 6020
9 7017
3 8014
10 9011
4 8
11 1005
5 2002
12 2999
6 3996
13 4993
7 5990
1 6987
8 7984
2 8981
9 9978
3 975
10 1972
4 2969
11 3966
5 4963
12 5960
6 6957
13 7954
7 8951
1 9948
8 945
2 1942
9 2939
3 3936
10 4933
4 5930
11 6927
5 7924
12 8921
6 9918
13 915
7 1912
1 2909
8 3906
2 4903
9 5900
3 6897
10 7894
4 8891
11 9888
5 885
12 1882
6 2879
13 3876
7 4873
1 5870
8 6867
2 7864
9 8861
3 9858
10 855
4 1852
11 2849
5 3846
12 4843
6 5840
13 6837
7 7834
1 8831
8 9828
2 825
9 1822
3 2819
10 3816
4 4813
11 5810
5 6807
12 7804
6 8801
13 9798
7 795
1 1792
8 2789
2 3786
9 4783
3 5780
10 6777
4 7774
11 8771
5 9768
12 765
6 1762
13 2759
7 3756
1 4753
8 5750
2 6747
9 7744
3 8741
10 9738
4 735
11 1732
5 2729
12 3726
6 4723
13 5720
7 6717
1 7714
8 8711
2 9708
9 705
3 1702
10 2699
4 3696
11 4693
5 5690
12 6687
6 7684
13 8681
7 9678
1 675
8 1672
2 2669
9 3666
3 4663
10 5660
4 6657
11 7654
5 8651
12 9648
6 645
13 1642
7 2639
1 3636
8 4633
2 5630
9 6627
3 7624
10 8621
4 9618
11 615
5 1612
12 2609
6 3606
13 4603
7 5600
1 6597
8 7594
2 8591
9 9588
3 585
10 1582
4 2579
11 3576
5 4573
12 5570
6 6567
13 7564
7 8561
1 9558
8 555
2 1552
9 2549
3 3546
10 4543
4 5540
11 6537
5 7534
12 8531
6 9528
13 525
7 1522
1 2519
8 3516
2 4513
9 5510
3 6507
10 7504
4 8501
11 9498
5 495
12 1492
6 2489
13 3486
7 4483
1 5480
8 6477
2 7474
9 8471
3 9468
10 465
4 1462
11 2459
5 3456
12 4453
6 5450
13 6447
7 7444
1 8441
8 9438
2 435
9 1432
3 2429
10 3426
4 4423
11 5420
5 6417
12 7414
6 8411
13 9408
7 405
1 1402
8 2399
2 3396
9 4393
3 5390
10 6387
4 7384
11 8381
5 9378
12 375
6 1372
13 2369
7 3366
1 4363
8 5360
2 6357
9 7354
3 8351
10 9348
4 345
11 1342
5 2339
12 3336
6 4333
13 5330
7 6327
1 7324
8 8321
2 9318
9 315
3 1312
10 2309
4 3306
11 4303
5 5300
12 6297
6 7294
13 8291
7 9288
1 285
8 1282
2 2279
9 3276
3 4273
10 5270
4 6267
11 7264
5 8261
12 9258
6 255
13 1252
7 2249
1 3246
8 4243
2 5240
9 6237
3 7234
10 8231
4 9228
11 225
5 1222
12 2219
6 3216
13 4213
7 5210
1 6207
8 7204
2 8201
9 9198
3 195
10 1192
4 2189
11 3186
5 4183
12 5180
6 6177
13 7174
7 8171
1 9168
8 165
2 1162
9 2159
3 3156
10 4153
4 5150
11 6147
5 7144
12 8141
6 9138
13 135
7 1132
1 2129
8 3126
2 4123
9 5120
3 6117
10 7114
4 8111
11 9108
5 105
12 1102
6 2099
13 3096
7 4093
1 5090
8 6087
2 7084
9 8081
3 9078
10 75
4 1072
11 2069
5 3066
12 4063
6 5060
13 6057
7 7054
1 8051
8 9048
2 45
9 1042
3 2039
10 3036
4 4033
11 5030
5 6027
12 7024
6 8021
13 9018
7 15
1 1012
8 2009
2 3006
9 4003
3 5000
10 5997
4 6994
11 7991
5 8988
12 9985
6 982
13 1979
7 2976
1 3973
8 4970
2 5967
9 6964
3 7961
10 8958
4 9955
11 952
5 1949
12 2946
6 3943
13 4940
7 5937
1 6934
8 7931
2 8928
9 9925
3 922
10 1919
4 2916
11 3913
5 4910
12 5907
6 6904
13 7901
7 8898
1 9895
8 892
2 1889
9 2886
3 3883
10 4880
4 5877
11 6874
5 7871
12 8868
6 9865
13 862
7 1859
1 2856
8 3853
2 4850
9 5847
3 6844
10 7841
4 8838
11 9835
5 832
12 1829
6 2826
13 3823
7 4820
1 5817
8 6814
2 7811
9 8808
3 9805
10 802
4 1799
11 2796
5 3793
12 4790
6 5787
13 6784
7 7781
1 8778
8 9775
2 772
9 1769
3 2766
10 3763
4 4760
11 5757
5 6754
12 7751
6 8748
13 9745
7 742
1 1739
8 2736
2 3733
9 4730
3 5727
10 6724
4 7721
11 8718
5 9715
12 712
6 1709
13 2706
7 3703
1 4700
8 5697
2 6694
9 7691
3 8688
10 9685
4 682
11 1679
5 2676
12 3673
6 4670
13 5667
7 6664
1 7661
8 8658
2 9655
9 652
3 1649
10 2646
4 3643
11 4640
5 5637
12 6634
6 7631
13 8628
7 9625
1 622
8 1619
2 2616
9 3613
3 4610
10 5607
4 6604
11 7601
5 8598
12 9595
6 592
13 1589
7 2586
1 3583
8 4580
2 5577
9 6574
3 7571
10 8568
4 9565
11 562
5 1559
12 2556
6 3553
13 4550
7 5547
1 6544
8 7541
2 8538
9 9535
3 532
10 1529
4 2526
11 3523
5 4520
12 5517
6 6514
13 7511
7 8508
1 9505
8 502
2 1499
9 2496
3 3493
10 4490
4 5487
11 6484
5 7481
12 8478
6 9475
13 472
7 1469
1 2466
8 3463
2 4460
9 5457
3 6454
10 7451
4 8448
11 9445
5 442
12 1439
6 2436
13 3433
7 4430
1 5427
8 6424
2 7421
9 8418
3 9415
10 412
4 1409
11 2406
5 3403
12 4400
6 5397
13 6394
7 7391
1 8388
8 9385
2 382
9 1379
3 2376
10 3373
4 4370
11 5367
5 6364
12 7361
6 8358
13 9355
7 352
1 1349
8 2346
2 3343
9 4340
3 5337
10 6334
4 7331
11 8328
5 9325
12 322
6 1319
13 2316
7 3313
1 4310
8 5307
2 6304
9 7301
3 8298
10 9295
4 292
11 1289
5 2286
12 3283
6 4280
13 5277
7 6274
1 7271
8 8268
2 9265
9 262
3 1259
10 2256
4 3253
11 4250
5 5247
12 6244
6 7241
13 8238
7 9235
1 232
8 1229
2 2226
9 3223
3 4220
10 5217
4 6214
11 7211
5 8208
12 9205
6 202
13 1199
7 2196
1 3193
8 4190
2 5187
9 6184
3 7181
10 8178
4 9175
11 172
5 1169
12 2166
6 3163
13 4160
7 5157
1 6154
8 7151
2 8148
9 9145
3 142
10 1139
4 2136
11 3133
5 4130
12 5127
6 6124
13 7121
7 8118
1 9115
8 112
2 1109
9 2106
3 3103
10 4100
4 5097
11 6094
5 7091
12 8088
6 9085
13 82
7 1079
1 2076
8 3073
2 4070
9 5067
3 6064
10 7061
4 8058
11 9055
5 52
12 1049
6 2046
13 3043
7 4040
1 5037
8 6034
2 7031
9 8028
3 9025
10 22
4 1019
11 2016
5 3013
12 4010
6 5007
13 6004
7 7001
