3000
0 65537 131074 196611 262148 327685 393222 458759 524296 589833 655370 720907 786444 851981 917518 983055 1048592 1114129 1179666 1245203 1310740 1376277 1441814 1507351 1572888 1638425 1703962 1769499 1835036 1900573 1966110 2031647 2097184 2162721 2228258 2293795 2359332 2424869 2490406 2555943 2621480 2687017 2752554 2818091 2883628 2949165 3014702 3080239 3145776 3211313 3276850 3342387 3407924 3473461 3538998 3604535 3670072 3735609 3801146 3866683 3932220 3997757 4063294 4128831 4194368 4259905 4325442 4390979 4456516 4522053 4587590 4653127 4718664 4784201 4849738 4915275 4980812 5046349 5111886 5177423 5242960 5308497 5374034 5439571 5505108 5570645 5636182 5701719 5767256 5832793 5898330 5963867 6029404 6094941 6160478 6226015 6291552 6357089 6422626 6488163 6553700 6619237 6684774 6750311 6815848 6881385 6946922 7012459 7077996 7143533 7209070 7274607 7340144 7405681 7471218 7536755 7602292 7667829 7733366 7798903 7864440 7929977 7995514 8061051 8126588 8192125 8257662 8323199 8388736 8454273 8519810 8585347 8650884 8716421 8781958 8847495 8913032 8978569 9044106 9109643 9175180 9240717 9306254 9371791 9437328 9502865 9568402 9633939 9699476 9765013 9830550 9896087 9961624 10027161 10092698 10158235 10223772 10289309 10354846 10420383 10485920 10551457 10616994 10682531 10748068 10813605 10879142 10944679 11010216 11075753 11141290 11206827 11272364 11337901 11403438 11468975 11534512 11600049 11665586 11731123 11796660 11862197 11927734 11993271 12058808 12124345 12189882 12255419 12320956 12386493 12452030 12517567 12583104 12648641 12714178 12779715 12845252 12910789 12976326 13041863 13107400 13172937 13238474 13304011 13369548 13435085 13500622 13566159 13631696 13697233 13762770 13828307 13893844 13959381 14024918 14090455 14155992 14221529 14287066 14352603 14418140 14483677 14549214 14614751 14680288 14745825 14811362 14876899 14942436 15007973 15073510 15139047 15204584 15270121 15335658 15401195 15466732 15532269 15597806 15663343 15728880 15794417 15859954 15925491 15991028 16056565 16122102 16187639 16253176 16318713 16384250 16449787 16515324 16580861 16646398 16711935 16777472 16843009 16908546 16974083 17039620 17105157 17170694 17236231 17301768 17367305 17432842 17498379 17563916 17629453 17694990 17760527 17826064 17891601 17957138 18022675 18088212 18153749 18219286 18284823 18350360 18415897 18481434 18546971 18612508 18678045 18743582 18809119 18874656 18940193 19005730 19071267 19136804 19202341 19267878 19333415 19398952 19464489 19530026 19595563 19661100 19726637 19792174 19857711 19923248 19988785 20054322 20119859 20185396 20250933 20316470 20382007 20447544 20513081 20578618 20644155 20709692 20775229 20840766 20906303 20971840 21037377 21102914 21168451 21233988 21299525 21365062 21430599 21496136 21561673 21627210 21692747 21758284 21823821 21889358 21954895 22020432 22085969 22151506 22217043 22282580 22348117 22413654 22479191 22544728 22610265 22675802 22741339 22806876 22872413 22937950 23003487 23069024 23134561 23200098 23265635 23331172 23396709 23462246 23527783 23593320 23658857 23724394 23789931 23855468 23921005 23986542 24052079 24117616 24183153 24248690 24314227 24379764 24445301 24510838 24576375 24641912 24707449 24772986 24838523 24904060 24969597 25035134 25100671 25166208 25231745 25297282 25362819 25428356 25493893 25559430 25624967 25690504 25756041 25821578 25887115 25952652 26018189 26083726 26149263 26214800 26280337 26345874 26411411 26476948 26542485 26608022 26673559 26739096 26804633 26870170 26935707 27001244 27066781 27132318 27197855 27263392 27328929 27394466 27460003 27525540 27591077 27656614 27722151 27787688 27853225 27918762 27984299 28049836 28115373 28180910 28246447 28311984 28377521 28443058 28508595 28574132 28639669 28705206 28770743 28836280 28901817 28967354 29032891 29098428 29163965 29229502 29295039 29360576 29426113 29491650 29557187 29622724 29688261 29753798 29819335 29884872 29950409 30015946 30081483 30147020 30212557 30278094 30343631 30409168 30474705 30540242 30605779 30671316 30736853 30802390 30867927 30933464 30999001 31064538 31130075 31195612 31261149 31326686 31392223 31457760 31523297 31588834 31654371 31719908 31785445 31850982 31916519 31982056 32047593 32113130 32178667 32244204 32309741 32375278 32440815 32506352 32571889 32637426 32702963 32768500 32834037 32899574 32965111 33030648 33096185 33161722 33227259 33292796 33358333 33423870 33489407 33554944 33620481 33686018 33751555 33817092 33882629 33948166 34013703 34079240 34144777 34210314 34275851 34341388 34406925 34472462 34537999 34603536 34669073 34734610 34800147 34865684 34931221 34996758 35062295 35127832 35193369 35258906 35324443 35389980 35455517 35521054 35586591 35652128 35717665 35783202 35848739 35914276 35979813 36045350 36110887 36176424 36241961 36307498 36373035 36438572 36504109 36569646 36635183 36700720 36766257 36831794 36897331 36962868 37028405 37093942 37159479 37225016 37290553 37356090 37421627 37487164 37552701 37618238 37683775 37749312 37814849 37880386 37945923 38011460 38076997 38142534 38208071 38273608 38339145 38404682 38470219 38535756 38601293 38666830 38732367 38797904 38863441 38928978 38994515 39060052 39125589 39191126 39256663 39322200 39387737 39453274 39518811 39584348 39649885 39715422 39780959 39846496 39912033 39977570 40043107 40108644 40174181 40239718 40305255 40370792 40436329 40501866 40567403 40632940 40698477 40764014 40829551 40895088 40960625 41026162 41091699 41157236 41222773 41288310 41353847 41419384 41484921 41550458 41615995 41681532 41747069 41812606 41878143 41943680 42009217 42074754 42140291 42205828 42271365 42336902 42402439 42467976 42533513 42599050 42664587 42730124 42795661 42861198 42926735 42992272 43057809 43123346 43188883 43254420 43319957 43385494 43451031 43516568 43582105 43647642 43713179 43778716 43844253 43909790 43975327 44040864 44106401 44171938 44237475 44303012 44368549 44434086 44499623 44565160 44630697 44696234 44761771 44827308 44892845 44958382 45023919 45089456 45154993 45220530 45286067 45351604 45417141 45482678 45548215 45613752 45679289 45744826 45810363 45875900 45941437 46006974 46072511 46138048 46203585 46269122 46334659 46400196 46465733 46531270 46596807 46662344 46727881 46793418 46858955 46924492 46990029 47055566 47121103 47186640 47252177 47317714 47383251 47448788 47514325 47579862 47645399 47710936 47776473 47842010 47907547 47973084 48038621 48104158 48169695 48235232 48300769 48366306 48431843 48497380 48562917 48628454 48693991 48759528 48825065 48890602 48956139 49021676 49087213 49152750 49218287 49283824 49349361 49414898 49480435 49545972 49611509 49677046 49742583 49808120 49873657 49939194 50004731 50070268 50135805 50201342 50266879 50332416 50397953 50463490 50529027 50594564 50660101 50725638 50791175 50856712 50922249 50987786 51053323 51118860 51184397 51249934 51315471 51381008 51446545 51512082 51577619 51643156 51708693 51774230 51839767 51905304 51970841 52036378 52101915 52167452 52232989 52298526 52364063 52429600 52495137 52560674 52626211 52691748 52757285 52822822 52888359 52953896 53019433 53084970 53150507 53216044 53281581 53347118 53412655 53478192 53543729 53609266 53674803 53740340 53805877 53871414 53936951 54002488 54068025 54133562 54199099 54264636 54330173 54395710 54461247 54526784 54592321 54657858 54723395 54788932 54854469 54920006 54985543 55051080 55116617 55182154 55247691 55313228 55378765 55444302 55509839 55575376 55640913 55706450 55771987 55837524 55903061 55968598 56034135 56099672 56165209 56230746 56296283 56361820 56427357 56492894 56558431 56623968 56689505 56755042 56820579 56886116 56951653 57017190 57082727 57148264 57213801 57279338 57344875 57410412 57475949 57541486 57607023 57672560 57738097 57803634 57869171 57934708 58000245 58065782 58131319 58196856 58262393 58327930 58393467 58459004 58524541 58590078 58655615 58721152 58786689 58852226 58917763 58983300 59048837 59114374 59179911 59245448 59310985 59376522 59442059 59507596 59573133 59638670 59704207 59769744 59835281 59900818 59966355 60031892 60097429 60162966 60228503 60294040 60359577 60425114 60490651 60556188 60621725 60687262 60752799 60818336 60883873 60949410 61014947 61080484 61146021 61211558 61277095 61342632 61408169 61473706 61539243 61604780 61670317 61735854 61801391 61866928 61932465 61998002 62063539 62129076 62194613 62260150 62325687 62391224 62456761 62522298 62587835 62653372 62718909 62784446 62849983 62915520 62981057 63046594 63112131 63177668 63243205 63308742 63374279 63439816 63505353 63570890 63636427 63701964 63767501 63833038 63898575 63964112 64029649 64095186 64160723 64226260 64291797 64357334 64422871 64488408 64553945 64619482 64685019 64750556 64816093 64881630 64947167 65012704 65078241 65143778 65209315 65274852 65340389 65405926 65471463 65537000 65602537 65668074 65733611 65799148 65864685 65930222 65995759 66061296 66126833 66192370 66257907 66323444 66388981 66454518 66520055 66585592 66651129 66716666 66782203 66847740 66913277 66978814 67044351 67109888 67175425 67240962 67306499 67372036 67437573 67503110 67568647 67634184 67699721 67765258 67830795 67896332 67961869 68027406 68092943 68158480 68224017 68289554 68355091 68420628 68486165 68551702 68617239 68682776 68748313 68813850 68879387 68944924 69010461 69075998 69141535 69207072 69272609 69338146 69403683 69469220 69534757 69600294 69665831 69731368 69796905 69862442 69927979 69993516 70059053 70124590 70190127 70255664 70321201 70386738 70452275 70517812 70583349 70648886 70714423 70779960 70845497 70911034 70976571 71042108 71107645 71173182 71238719 71304256 71369793 71435330 71500867 71566404 71631941 71697478 71763015 71828552 71894089 71959626 72025163 72090700 72156237 72221774 72287311 72352848 72418385 72483922 72549459 72614996 72680533 72746070 72811607 72877144 72942681 73008218 73073755 73139292 73204829 73270366 73335903 73401440 73466977 73532514 73598051 73663588 73729125 73794662 73860199 73925736 73991273 74056810 74122347 74187884 74253421 74318958 74384495 74450032 74515569 74581106 74646643 74712180 74777717 74843254 74908791 74974328 75039865 75105402 75170939 75236476 75302013 75367550 75433087 75498624 75564161 75629698 75695235 75760772 75826309 75891846 75957383 76022920 76088457 76153994 76219531 76285068 76350605 76416142 76481679 76547216 76612753 76678290 76743827 76809364 76874901 76940438 77005975 77071512 77137049 77202586 77268123 77333660 77399197 77464734 77530271 77595808 77661345 77726882 77792419 77857956 77923493 77989030 78054567 78120104 78185641 78251178 78316715 78382252 78447789 78513326 78578863 78644400 78709937 78775474 78841011 78906548 78972085 79037622 79103159 79168696 79234233 79299770 79365307 79430844 79496381 79561918 79627455 79692992 79758529 79824066 79889603 79955140 80020677 80086214 80151751 80217288 80282825 80348362 80413899 80479436 80544973 80610510 80676047 80741584 80807121 80872658 80938195 81003732 81069269 81134806 81200343 81265880 81331417 81396954 81462491 81528028 81593565 81659102 81724639 81790176 81855713 81921250 81986787 82052324 82117861 82183398 82248935 82314472 82380009 82445546 82511083 82576620 82642157 82707694 82773231 82838768 82904305 82969842 83035379 83100916 83166453 83231990 83297527 83363064 83428601 83494138 83559675 83625212 83690749 83756286 83821823 83887360 83952897 84018434 84083971 84149508 84215045 84280582 84346119 84411656 84477193 84542730 84608267 84673804 84739341 84804878 84870415 84935952 85001489 85067026 85132563 85198100 85263637 85329174 85394711 85460248 85525785 85591322 85656859 85722396 85787933 85853470 85919007 85984544 86050081 86115618 86181155 86246692 86312229 86377766 86443303 86508840 86574377 86639914 86705451 86770988 86836525 86902062 86967599 87033136 87098673 87164210 87229747 87295284 87360821 87426358 87491895 87557432 87622969 87688506 87754043 87819580 87885117 87950654 88016191 88081728 88147265 88212802 88278339 88343876 88409413 88474950 88540487 88606024 88671561 88737098 88802635 88868172 88933709 88999246 89064783 89130320 89195857 89261394 89326931 89392468 89458005 89523542 89589079 89654616 89720153 89785690 89851227 89916764 89982301 90047838 90113375 90178912 90244449 90309986 90375523 90441060 90506597 90572134 90637671 90703208 90768745 90834282 90899819 90965356 91030893 91096430 91161967 91227504 91293041 91358578 91424115 91489652 91555189 91620726 91686263 91751800 91817337 91882874 91948411 92013948 92079485 92145022 92210559 92276096 92341633 92407170 92472707 92538244 92603781 92669318 92734855 92800392 92865929 92931466 92997003 93062540 93128077 93193614 93259151 93324688 93390225 93455762 93521299 93586836 93652373 93717910 93783447 93848984 93914521 93980058 94045595 94111132 94176669 94242206 94307743 94373280 94438817 94504354 94569891 94635428 94700965 94766502 94832039 94897576 94963113 95028650 95094187 95159724 95225261 95290798 95356335 95421872 95487409 95552946 95618483 95684020 95749557 95815094 95880631 95946168 96011705 96077242 96142779 96208316 96273853 96339390 96404927 96470464 96536001 96601538 96667075 96732612 96798149 96863686 96929223 96994760 97060297 97125834 97191371 97256908 97322445 97387982 97453519 97519056 97584593 97650130 97715667 97781204 97846741 97912278 97977815 98043352 98108889 98174426 98239963 98305500 98371037 98436574 98502111 98567648 98633185 98698722 98764259 98829796 98895333 98960870 99026407 99091944 99157481 99223018 99288555 99354092 99419629 99485166 99550703 99616240 99681777 99747314 99812851 99878388 99943925 100009462 100074999 100140536 100206073 100271610 100337147 100402684 100468221 100533758 100599295 100664832 100730369 100795906 100861443 100926980 100992517 101058054 101123591 101189128 101254665 101320202 101385739 101451276 101516813 101582350 101647887 101713424 101778961 101844498 101910035 101975572 102041109 102106646 102172183 102237720 102303257 102368794 102434331 102499868 102565405 102630942 102696479 102762016 102827553 102893090 102958627 103024164 103089701 103155238 103220775 103286312 103351849 103417386 103482923 103548460 103613997 103679534 103745071 103810608 103876145 103941682 104007219 104072756 104138293 104203830 104269367 104334904 104400441 104465978 104531515 104597052 104662589 104728126 104793663 104859200 104924737 104990274 105055811 105121348 105186885 105252422 105317959 105383496 105449033 105514570 105580107 105645644 105711181 105776718 105842255 105907792 105973329 106038866 106104403 106169940 106235477 106301014 106366551 106432088 106497625 106563162 106628699 106694236 106759773 106825310 106890847 106956384 107021921 107087458 107152995 107218532 107284069 107349606 107415143 107480680 107546217 107611754 107677291 107742828 107808365 107873902 107939439 108004976 108070513 108136050 108201587 108267124 108332661 108398198 108463735 108529272 108594809 108660346 108725883 108791420 108856957 108922494 108988031 109053568 109119105 109184642 109250179 109315716 109381253 109446790 109512327 109577864 109643401 109708938 109774475 109840012 109905549 109971086 110036623 110102160 110167697 110233234 110298771 110364308 110429845 110495382 110560919 110626456 110691993 110757530 110823067 110888604 110954141 111019678 111085215 111150752 111216289 111281826 111347363 111412900 111478437 111543974 111609511 111675048 111740585 111806122 111871659 111937196 112002733 112068270 112133807 112199344 112264881 112330418 112395955 112461492 112527029 112592566 112658103 112723640 112789177 112854714 112920251 112985788 113051325 113116862 113182399 113247936 113313473 113379010 113444547 113510084 113575621 113641158 113706695 113772232 113837769 113903306 113968843 114034380 114099917 114165454 114230991 114296528 114362065 114427602 114493139 114558676 114624213 114689750 114755287 114820824 114886361 114951898 115017435 115082972 115148509 115214046 115279583 115345120 115410657 115476194 115541731 115607268 115672805 115738342 115803879 115869416 115934953 116000490 116066027 116131564 116197101 116262638 116328175 116393712 116459249 116524786 116590323 116655860 116721397 116786934 116852471 116918008 116983545 117049082 117114619 117180156 117245693 117311230 117376767 117442304 117507841 117573378 117638915 117704452 117769989 117835526 117901063 117966600 118032137 118097674 118163211 118228748 118294285 118359822 118425359 118490896 118556433 118621970 118687507 118753044 118818581 118884118 118949655 119015192 119080729 119146266 119211803 119277340 119342877 119408414 119473951 119539488 119605025 119670562 119736099 119801636 119867173 119932710 119998247 120063784 120129321 120194858 120260395 120325932 120391469 120457006 120522543 120588080 120653617 120719154 120784691 120850228 120915765 120981302 121046839 121112376 121177913 121243450 121308987 121374524 121440061 121505598 121571135 121636672 121702209 121767746 121833283 121898820 121964357 122029894 122095431 122160968 122226505 122292042 122357579 122423116 122488653 122554190 122619727 122685264 122750801 122816338 122881875 122947412 123012949 123078486 123144023 123209560 123275097 123340634 123406171 123471708 123537245 123602782 123668319 123733856 123799393 123864930 123930467 123996004 124061541 124127078 124192615 124258152 124323689 124389226 124454763 124520300 124585837 124651374 124716911 124782448 124847985 124913522 124979059 125044596 125110133 125175670 125241207 125306744 125372281 125437818 125503355 125568892 125634429 125699966 125765503 125831040 125896577 125962114 126027651 126093188 126158725 126224262 126289799 126355336 126420873 126486410 126551947 126617484 126683021 126748558 126814095 126879632 126945169 127010706 127076243 127141780 127207317 127272854 127338391 127403928 127469465 127535002 127600539 127666076 127731613 127797150 127862687 127928224 127993761 128059298 128124835 128190372 128255909 128321446 128386983 128452520 128518057 128583594 128649131 128714668 128780205 128845742 128911279 128976816 129042353 129107890 129173427 129238964 129304501 129370038 129435575 129501112 129566649 129632186 129697723 129763260 129828797 129894334 129959871 130025408 130090945 130156482 130222019 130287556 130353093 130418630 130484167 130549704 130615241 130680778 130746315 130811852 130877389 130942926 131008463 131074000 131139537 131205074 131270611 131336148 131401685 131467222 131532759 131598296 131663833 131729370 131794907 131860444 131925981 131991518 132057055 132122592 132188129 132253666 132319203 132384740 132450277 132515814 132581351 132646888 132712425 132777962 132843499 132909036 132974573 133040110 133105647 133171184 133236721 133302258 133367795 133433332 133498869 133564406 133629943 133695480 133761017 133826554 133892091 133957628 134023165 134088702 134154239 134219776 134285313 134350850 134416387 134481924 134547461 134612998 134678535 134744072 134809609 134875146 134940683 135006220 135071757 135137294 135202831 135268368 135333905 135399442 135464979 135530516 135596053 135661590 135727127 135792664 135858201 135923738 135989275 136054812 136120349 136185886 136251423 136316960 136382497 136448034 136513571 136579108 136644645 136710182 136775719 136841256 136906793 136972330 137037867 137103404 137168941 137234478 137300015 137365552 137431089 137496626 137562163 137627700 137693237 137758774 137824311 137889848 137955385 138020922 138086459 138151996 138217533 138283070 138348607 138414144 138479681 138545218 138610755 138676292 138741829 138807366 138872903 138938440 139003977 139069514 139135051 139200588 139266125 139331662 139397199 139462736 139528273 139593810 139659347 139724884 139790421 139855958 139921495 139987032 140052569 140118106 140183643 140249180 140314717 140380254 140445791 140511328 140576865 140642402 140707939 140773476 140839013 140904550 140970087 141035624 141101161 141166698 141232235 141297772 141363309 141428846 141494383 141559920 141625457 141690994 141756531 141822068 141887605 141953142 142018679 142084216 142149753 142215290 142280827 142346364 142411901 142477438 142542975 142608512 142674049 142739586 142805123 142870660 142936197 143001734 143067271 143132808 143198345 143263882 143329419 143394956 143460493 143526030 143591567 143657104 143722641 143788178 143853715 143919252 143984789 144050326 144115863 144181400 144246937 144312474 144378011 144443548 144509085 144574622 144640159 144705696 144771233 144836770 144902307 144967844 145033381 145098918 145164455 145229992 145295529 145361066 145426603 145492140 145557677 145623214 145688751 145754288 145819825 145885362 145950899 146016436 146081973 146147510 146213047 146278584 146344121 146409658 146475195 146540732 146606269 146671806 146737343 146802880 146868417 146933954 146999491 147065028 147130565 147196102 147261639 147327176 147392713 147458250 147523787 147589324 147654861 147720398 147785935 147851472 147917009 147982546 148048083 148113620 148179157 148244694 148310231 148375768 148441305 148506842 148572379 148637916 148703453 148768990 148834527 148900064 148965601 149031138 149096675 149162212 149227749 149293286 149358823 149424360 149489897 149555434 149620971 149686508 149752045 149817582 149883119 149948656 150014193 150079730 150145267 150210804 150276341 150341878 150407415 150472952 150538489 150604026 150669563 150735100 150800637 150866174 150931711 150997248 151062785 151128322 151193859 151259396 151324933 151390470 151456007 151521544 151587081 151652618 151718155 151783692 151849229 151914766 151980303 152045840 152111377 152176914 152242451 152307988 152373525 152439062 152504599 152570136 152635673 152701210 152766747 152832284 152897821 152963358 153028895 153094432 153159969 153225506 153291043 153356580 153422117 153487654 153553191 153618728 153684265 153749802 153815339 153880876 153946413 154011950 154077487 154143024 154208561 154274098 154339635 154405172 154470709 154536246 154601783 154667320 154732857 154798394 154863931 154929468 154995005 155060542 155126079 155191616 155257153 155322690 155388227 155453764 155519301 155584838 155650375 155715912 155781449 155846986 155912523 155978060 156043597 156109134 156174671 156240208 156305745 156371282 156436819 156502356 156567893 156633430 156698967 156764504 156830041 156895578 156961115 157026652 157092189 157157726 157223263 157288800 157354337 157419874 157485411 157550948 157616485 157682022 157747559 157813096 157878633 157944170 158009707 158075244 158140781 158206318 158271855 158337392 158402929 158468466 158534003 158599540 158665077 158730614 158796151 158861688 158927225 158992762 159058299 159123836 159189373 159254910 159320447 159385984 159451521 159517058 159582595 159648132 159713669 159779206 159844743 159910280 159975817 160041354 160106891 160172428 160237965 160303502 160369039 160434576 160500113 160565650 160631187 160696724 160762261 160827798 160893335 160958872 161024409 161089946 161155483 161221020 161286557 161352094 161417631 161483168 161548705 161614242 161679779 161745316 161810853 161876390 161941927 162007464 162073001 162138538 162204075 162269612 162335149 162400686 162466223 162531760 162597297 162662834 162728371 162793908 162859445 162924982 162990519 163056056 163121593 163187130 163252667 163318204 163383741 163449278 163514815 163580352 163645889 163711426 163776963 163842500 163908037 163973574 164039111 164104648 164170185 164235722 164301259 164366796 164432333 164497870 164563407 164628944 164694481 164760018 164825555 164891092 164956629 165022166 165087703 165153240 165218777 165284314 165349851 165415388 165480925 165546462 165611999 165677536 165743073 165808610 165874147 165939684 166005221 166070758 166136295 166201832 166267369 166332906 166398443 166463980 166529517 166595054 166660591 166726128 166791665 166857202 166922739 166988276 167053813 167119350 167184887 167250424 167315961 167381498 167447035 167512572 167578109 167643646 167709183 167774720 167840257 167905794 167971331 168036868 168102405 168167942 168233479 168299016 168364553 168430090 168495627 168561164 168626701 168692238 168757775 168823312 168888849 168954386 169019923 169085460 169150997 169216534 169282071 169347608 169413145 169478682 169544219 169609756 169675293 169740830 169806367 169871904 169937441 170002978 170068515 170134052 170199589 170265126 170330663 170396200 170461737 170527274 170592811 170658348 170723885 170789422 170854959 170920496 170986033 171051570 171117107 171182644 171248181 171313718 171379255 171444792 171510329 171575866 171641403 171706940 171772477 171838014 171903551 171969088 172034625 172100162 172165699 172231236 172296773 172362310 172427847 172493384 172558921 172624458 172689995 172755532 172821069 172886606 172952143 173017680 173083217 173148754 173214291 173279828 173345365 173410902 173476439 173541976 173607513 173673050 173738587 173804124 173869661 173935198 174000735 174066272 174131809 174197346 174262883 174328420 174393957 174459494 174525031 174590568 174656105 174721642 174787179 174852716 174918253 174983790 175049327 175114864 175180401 175245938 175311475 175377012 175442549 175508086 175573623 175639160 175704697 175770234 175835771 175901308 175966845 176032382 176097919 176163456 176228993 176294530 176360067 176425604 176491141 176556678 176622215 176687752 176753289 176818826 176884363 176949900 177015437 177080974 177146511 177212048 177277585 177343122 177408659 177474196 177539733 177605270 177670807 177736344 177801881 177867418 177932955 177998492 178064029 178129566 178195103 178260640 178326177 178391714 178457251 178522788 178588325 178653862 178719399 178784936 178850473 178916010 178981547 179047084 179112621 179178158 179243695 179309232 179374769 179440306 179505843 179571380 179636917 179702454 179767991 179833528 179899065 179964602 180030139 180095676 180161213 180226750 180292287 180357824 180423361 180488898 180554435 180619972 180685509 180751046 180816583 180882120 180947657 181013194 181078731 181144268 181209805 181275342 181340879 181406416 181471953 181537490 181603027 181668564 181734101 181799638 181865175 181930712 181996249 182061786 182127323 182192860 182258397 182323934 182389471 182455008 182520545 182586082 182651619 182717156 182782693 182848230 182913767 182979304 183044841 183110378 183175915 183241452 183306989 183372526 183438063 183503600 183569137 183634674 183700211 183765748 183831285 183896822 183962359 184027896 184093433 184158970 184224507 184290044 184355581 184421118 184486655 184552192 184617729 184683266 184748803 184814340 184879877 184945414 185010951 185076488 185142025 185207562 185273099 185338636 185404173 185469710 185535247 185600784 185666321 185731858 185797395 185862932 185928469 185994006 186059543 186125080 186190617 186256154 186321691 186387228 186452765 186518302 186583839 186649376 186714913 186780450 186845987 186911524 186977061 187042598 187108135 187173672 187239209 187304746 187370283 187435820 187501357 187566894 187632431 187697968 187763505 187829042 187894579 187960116 188025653 188091190 188156727 188222264 188287801 188353338 188418875 188484412 188549949 188615486 188681023 188746560 188812097 188877634 188943171 189008708 189074245 189139782 189205319 189270856 189336393 189401930 189467467 189533004 189598541 189664078 189729615 189795152 189860689 189926226 189991763 190057300 190122837 190188374 190253911 190319448 190384985 190450522 190516059 190581596 190647133 190712670 190778207 190843744 190909281 190974818 191040355 191105892 191171429 191236966 191302503 191368040 191433577 191499114 191564651 191630188 191695725 191761262 191826799 191892336 191957873 192023410 192088947 192154484 192220021 192285558 192351095 192416632 192482169 192547706 192613243 192678780 192744317 192809854 192875391 192940928 193006465 193072002 193137539 193203076 193268613 193334150 193399687 193465224 193530761 193596298 193661835 193727372 193792909 193858446 193923983 193989520 194055057 194120594 194186131 194251668 194317205 194382742 194448279 194513816 194579353 194644890 194710427 194775964 194841501 194907038 194972575 195038112 195103649 195169186 195234723 195300260 195365797 195431334 195496871 195562408 195627945 195693482 195759019 195824556 195890093 195955630 196021167 196086704 196152241 196217778 196283315 196348852 196414389 196479926 196545463
1 2
1 3
2 4
2 5
3 6
3 7
4 8
4 9
5 10
5 11
6 12
6 13
7 14
7 15
8 16
8 17
9 18
9 19
10 20
10 21
11 22
11 23
12 24
12 25
13 26
13 27
14 28
14 29
15 30
15 31
16 32
16 33
17 34
17 35
18 36
18 37
19 38
19 39
20 40
20 41
21 42
21 43
22 44
22 45
23 46
23 47
24 48
24 49
25 50
25 51
26 52
26 53
27 54
27 55
28 56
28 57
29 58
29 59
30 60
30 61
31 62
31 63
32 64
32 65
33 66
33 67
34 68
34 69
35 70
35 71
36 72
36 73
37 74
37 75
38 76
38 77
39 78
39 79
40 80
40 81
41 82
41 83
42 84
42 85
43 86
43 87
44 88
44 89
45 90
45 91
46 92
46 93
47 94
47 95
48 96
48 97
49 98
49 99
50 100
50 101
51 102
51 103
52 104
52 105
53 106
53 107
54 108
54 109
55 110
55 111
56 112
56 113
57 114
57 115
58 116
58 117
59 118
59 119
60 120
60 121
61 122
61 123
62 124
62 125
63 126
63 127
64 128
64 129
65 130
65 131
66 132
66 133
67 134
67 135
68 136
68 137
69 138
69 139
70 140
70 141
71 142
71 143
72 144
72 145
73 146
73 147
74 148
74 149
75 150
75 151
76 152
76 153
77 154
77 155
78 156
78 157
79 158
79 159
80 160
80 161
81 162
81 163
82 164
82 165
83 166
83 167
84 168
84 169
85 170
85 171
86 172
86 173
87 174
87 175
88 176
88 177
89 178
89 179
90 180
90 181
91 182
91 183
92 184
92 185
93 186
93 187
94 188
94 189
95 190
95 191
96 192
96 193
97 194
97 195
98 196
98 197
99 198
99 199
100 200
100 201
101 202
101 203
102 204
102 205
103 206
103 207
104 208
104 209
105 210
105 211
106 212
106 213
107 214
107 215
108 216
108 217
109 218
109 219
110 220
110 221
111 222
111 223
112 224
112 225
113 226
113 227
114 228
114 229
115 230
115 231
116 232
116 233
117 234
117 235
118 236
118 237
119 238
119 239
120 240
120 241
121 242
121 243
122 244
122 245
123 246
123 247
124 248
124 249
125 250
125 251
126 252
126 253
127 254
127 255
128 256
128 257
129 258
129 259
130 260
130 261
131 262
131 263
132 264
132 265
133 266
133 267
134 268
134 269
135 270
135 271
136 272
136 273
137 274
137 275
138 276
138 277
139 278
139 279
140 280
140 281
141 282
141 283
142 284
142 285
143 286
143 287
144 288
144 289
145 290
145 291
146 292
146 293
147 294
147 295
148 296
148 297
149 298
149 299
150 300
150 301
151 302
151 303
152 304
152 305
153 306
153 307
154 308
154 309
155 310
155 311
156 312
156 313
157 314
157 315
158 316
158 317
159 318
159 319
160 320
160 321
161 322
161 323
162 324
162 325
163 326
163 327
164 328
164 329
165 330
165 331
166 332
166 333
167 334
167 335
168 336
168 337
169 338
169 339
170 340
170 341
171 342
171 343
172 344
172 345
173 346
173 347
174 348
174 349
175 350
175 351
176 352
176 353
177 354
177 355
178 356
178 357
179 358
179 359
180 360
180 361
181 362
181 363
182 364
182 365
183 366
183 367
184 368
184 369
185 370
185 371
186 372
186 373
187 374
187 375
188 376
188 377
189 378
189 379
190 380
190 381
191 382
191 383
192 384
192 385
193 386
193 387
194 388
194 389
195 390
195 391
196 392
196 393
197 394
197 395
198 396
198 397
199 398
199 399
200 400
200 401
201 402
201 403
202 404
202 405
203 406
203 407
204 408
204 409
205 410
205 411
206 412
206 413
207 414
207 415
208 416
208 417
209 418
209 419
210 420
210 421
211 422
211 423
212 424
212 425
213 426
213 427
214 428
214 429
215 430
215 431
216 432
216 433
217 434
217 435
218 436
218 437
219 438
219 439
220 440
220 441
221 442
221 443
222 444
222 445
223 446
223 447
224 448
224 449
225 450
225 451
226 452
226 453
227 454
227 455
228 456
228 457
229 458
229 459
230 460
230 461
231 462
231 463
232 464
232 465
233 466
233 467
234 468
234 469
235 470
235 471
236 472
236 473
237 474
237 475
238 476
238 477
239 478
239 479
240 480
240 481
241 482
241 483
242 484
242 485
243 486
243 487
244 488
244 489
245 490
245 491
246 492
246 493
247 494
247 495
248 496
248 497
249 498
249 499
250 500
250 501
251 502
251 503
252 504
252 505
253 506
253 507
254 508
254 509
255 510
255 511
256 512
256 513
257 514
257 515
258 516
258 517
259 518
259 519
260 520
260 521
261 522
261 523
262 524
262 525
263 526
263 527
264 528
264 529
265 530
265 531
266 532
266 533
267 534
267 535
268 536
268 537
269 538
269 539
270 540
270 541
271 542
271 543
272 544
272 545
273 546
273 547
274 548
274 549
275 550
275 551
276 552
276 553
277 554
277 555
278 556
278 557
279 558
279 559
280 560
280 561
281 562
281 563
282 564
282 565
283 566
283 567
284 568
284 569
285 570
285 571
286 572
286 573
287 574
287 575
288 576
288 577
289 578
289 579
290 580
290 581
291 582
291 583
292 584
292 585
293 586
293 587
294 588
294 589
295 590
295 591
296 592
296 593
297 594
297 595
298 596
298 597
299 598
299 599
300 600
300 601
301 602
301 603
302 604
302 605
303 606
303 607
304 608
304 609
305 610
305 611
306 612
306 613
307 614
307 615
308 616
308 617
309 618
309 619
310 620
310 621
311 622
311 623
312 624
312 625
313 626
313 627
314 628
314 629
315 630
315 631
316 632
316 633
317 634
317 635
318 636
318 637
319 638
319 639
320 640
320 641
321 642
321 643
322 644
322 645
323 646
323 647
324 648
324 649
325 650
325 651
326 652
326 653
327 654
327 655
328 656
328 657
329 658
329 659
330 660
330 661
331 662
331 663
332 664
332 665
333 666
333 667
334 668
334 669
335 670
335 671
336 672
336 673
337 674
337 675
338 676
338 677
339 678
339 679
340 680
340 681
341 682
341 683
342 684
342 685
343 686
343 687
344 688
344 689
345 690
345 691
346 692
346 693
347 694
347 695
348 696
348 697
349 698
349 699
350 700
350 701
351 702
351 703
352 704
352 705
353 706
353 707
354 708
354 709
355 710
355 711
356 712
356 713
357 714
357 715
358 716
358 717
359 718
359 719
360 720
360 721
361 722
361 723
362 724
362 725
363 726
363 727
364 728
364 729
365 730
365 731
366 732
366 733
367 734
367 735
368 736
368 737
369 738
369 739
370 740
370 741
371 742
371 743
372 744
372 745
373 746
373 747
374 748
374 749
375 750
375 751
376 752
376 753
377 754
377 755
378 756
378 757
379 758
379 759
380 760
380 761
381 762
381 763
382 764
382 765
383 766
383 767
384 768
384 769
385 770
385 771
386 772
386 773
387 774
387 775
388 776
388 777
389 778
389 779
390 780
390 781
391 782
391 783
392 784
392 785
393 786
393 787
394 788
394 789
395 790
395 791
396 792
396 793
397 794
397 795
398 796
398 797
399 798
399 799
400 800
400 801
401 802
401 803
402 804
402 805
403 806
403 807
404 808
404 809
405 810
405 811
406 812
406 813
407 814
407 815
408 816
408 817
409 818
409 819
410 820
410 821
411 822
411 823
412 824
412 825
413 826
413 827
414 828
414 829
415 830
415 831
416 832
416 833
417 834
417 835
418 836
418 837
419 838
419 839
420 840
420 841
421 842
421 843
422 844
422 845
423 846
423 847
424 848
424 849
425 850
425 851
426 852
426 853
427 854
427 855
428 856
428 857
429 858
429 859
430 860
430 861
431 862
431 863
432 864
432 865
433 866
433 867
434 868
434 869
435 870
435 871
436 872
436 873
437 874
437 875
438 876
438 877
439 878
439 879
440 880
440 881
441 882
441 883
442 884
442 885
443 886
443 887
444 888
444 889
445 890
445 891
446 892
446 893
447 894
447 895
448 896
448 897
449 898
449 899
450 900
450 901
451 902
451 903
452 904
452 905
453 906
453 907
454 908
454 909
455 910
455 911
456 912
456 913
457 914
457 915
458 916
458 917
459 918
459 919
460 920
460 921
461 922
461 923
462 924
462 925
463 926
463 927
464 928
464 929
465 930
465 931
466 932
466 933
467 934
467 935
468 936
468 937
469 938
469 939
470 940
470 941
471 942
471 943
472 944
472 945
473 946
473 947
474 948
474 949
475 950
475 951
476 952
476 953
477 954
477 955
478 956
478 957
479 958
479 959
480 960
480 961
481 962
481 963
482 964
482 965
483 966
483 967
484 968
484 969
485 970
485 971
486 972
486 973
487 974
487 975
488 976
488 977
489 978
489 979
490 980
490 981
491 982
491 983
492 984
492 985
493 986
493 987
494 988
494 989
495 990
495 991
496 992
496 993
497 994
497 995
498 996
498 997
499 998
499 999
500 1000
500 1001
501 1002
501 1003
502 1004
502 1005
503 1006
503 1007
504 1008
504 1009
505 1010
505 1011
506 1012
506 1013
507 1014
507 1015
508 1016
508 1017
509 1018
509 1019
510 1020
510 1021
511 1022
511 1023
512 1024
512 1025
513 1026
513 1027
514 1028
514 1029
515 1030
515 1031
516 1032
516 1033
517 1034
517 1035
518 1036
518 1037
519 1038
519 1039
520 1040
520 1041
521 1042
521 1043
522 1044
522 1045
523 1046
523 1047
524 1048
524 1049
525 1050
525 1051
526 1052
526 1053
527 1054
527 1055
528 1056
528 1057
529 1058
529 1059
530 1060
530 1061
531 1062
531 1063
532 1064
532 1065
533 1066
533 1067
534 1068
534 1069
535 1070
535 1071
536 1072
536 1073
537 1074
537 1075
538 1076
538 1077
539 1078
539 1079
540 1080
540 1081
541 1082
541 1083
542 1084
542 1085
543 1086
543 1087
544 1088
544 1089
545 1090
545 1091
546 1092
546 1093
547 1094
547 1095
548 1096
548 1097
549 1098
549 1099
550 1100
550 1101
551 1102
551 1103
552 1104
552 1105
553 1106
553 1107
554 1108
554 1109
555 1110
555 1111
556 1112
556 1113
557 1114
557 1115
558 1116
558 1117
559 1118
559 1119
560 1120
560 1121
561 1122
561 1123
562 1124
562 1125
563 1126
563 1127
564 1128
564 1129
565 1130
565 1131
566 1132
566 1133
567 1134
567 1135
568 1136
568 1137
569 1138
569 1139
570 1140
570 1141
571 1142
571 1143
572 1144
572 1145
573 1146
573 1147
574 1148
574 1149
575 1150
575 1151
576 1152
576 1153
577 1154
577 1155
578 1156
578 1157
579 1158
579 1159
580 1160
580 1161
581 1162
581 1163
582 1164
582 1165
583 1166
583 1167
584 1168
584 1169
585 1170
585 1171
586 1172
586 1173
587 1174
587 1175
588 1176
588 1177
589 1178
589 1179
590 1180
590 1181
591 1182
591 1183
592 1184
592 1185
593 1186
593 1187
594 1188
594 1189
595 1190
595 1191
596 1192
596 1193
597 1194
597 1195
598 1196
598 1197
599 1198
599 1199
600 1200
600 1201
601 1202
601 1203
602 1204
602 1205
603 1206
603 1207
604 1208
604 1209
605 1210
605 1211
606 1212
606 1213
607 1214
607 1215
608 1216
608 1217
609 1218
609 1219
610 1220
610 1221
611 1222
611 1223
612 1224
612 1225
613 1226
613 1227
614 1228
614 1229
615 1230
615 1231
616 1232
616 1233
617 1234
617 1235
618 1236
618 1237
619 1238
619 1239
620 1240
620 1241
621 1242
621 1243
622 1244
622 1245
623 1246
623 1247
624 1248
624 1249
625 1250
625 1251
626 1252
626 1253
627 1254
627 1255
628 1256
628 1257
629 1258
629 1259
630 1260
630 1261
631 1262
631 1263
632 1264
632 1265
633 1266
633 1267
634 1268
634 1269
635 1270
635 1271
636 1272
636 1273
637 1274
637 1275
638 1276
638 1277
639 1278
639 1279
640 1280
640 1281
641 1282
641 1283
642 1284
642 1285
643 1286
643 1287
644 1288
644 1289
645 1290
645 1291
646 1292
646 1293
647 1294
647 1295
648 1296
648 1297
649 1298
649 1299
650 1300
650 1301
651 1302
651 1303
652 1304
652 1305
653 1306
653 1307
654 1308
654 1309
655 1310
655 1311
656 1312
656 1313
657 1314
657 1315
658 1316
658 1317
659 1318
659 1319
660 1320
660 1321
661 1322
661 1323
662 1324
662 1325
663 1326
663 1327
664 1328
664 1329
665 1330
665 1331
666 1332
666 1333
667 1334
667 1335
668 1336
668 1337
669 1338
669 1339
670 1340
670 1341
671 1342
671 1343
672 1344
672 1345
673 1346
673 1347
674 1348
674 1349
675 1350
675 1351
676 1352
676 1353
677 1354
677 1355
678 1356
678 1357
679 1358
679 1359
680 1360
680 1361
681 1362
681 1363
682 1364
682 1365
683 1366
683 1367
684 1368
684 1369
685 1370
685 1371
686 1372
686 1373
687 1374
687 1375
688 1376
688 1377
689 1378
689 1379
690 1380
690 1381
691 1382
691 1383
692 1384
692 1385
693 1386
693 1387
694 1388
694 1389
695 1390
695 1391
696 1392
696 1393
697 1394
697 1395
698 1396
698 1397
699 1398
699 1399
700 1400
700 1401
701 1402
701 1403
702 1404
702 1405
703 1406
703 1407
704 1408
704 1409
705 1410
705 1411
706 1412
706 1413
707 1414
707 1415
708 1416
708 1417
709 1418
709 1419
710 1420
710 1421
711 1422
711 1423
712 1424
712 1425
713 1426
713 1427
714 1428
714 1429
715 1430
715 1431
716 1432
716 1433
717 1434
717 1435
718 1436
718 1437
719 1438
719 1439
720 1440
720 1441
721 1442
721 1443
722 1444
722 1445
723 1446
723 1447
724 1448
724 1449
725 1450
725 1451
726 1452
726 1453
727 1454
727 1455
728 1456
728 1457
729 1458
729 1459
730 1460
730 1461
731 1462
731 1463
732 1464
732 1465
733 1466
733 1467
734 1468
734 1469
735 1470
735 1471
736 1472
736 1473
737 1474
737 1475
738 1476
738 1477
739 1478
739 1479
740 1480
740 1481
741 1482
741 1483
742 1484
742 1485
743 1486
743 1487
744 1488
744 1489
745 1490
745 1491
746 1492
746 1493
747 1494
747 1495
748 1496
748 1497
749 1498
749 1499
750 1500
750 1501
751 1502
751 1503
752 1504
752 1505
753 1506
753 1507
754 1508
754 1509
755 1510
755 1511
756 1512
756 1513
757 1514
757 1515
758 1516
758 1517
759 1518
759 1519
760 1520
760 1521
761 1522
761 1523
762 1524
762 1525
763 1526
763 1527
764 1528
764 1529
765 1530
765 1531
766 1532
766 1533
767 1534
767 1535
768 1536
768 1537
769 1538
769 1539
770 1540
770 1541
771 1542
771 1543
772 1544
772 1545
773 1546
773 1547
774 1548
774 1549
775 1550
775 1551
776 1552
776 1553
777 1554
777 1555
778 1556
778 1557
779 1558
779 1559
780 1560
780 1561
781 1562
781 1563
782 1564
782 1565
783 1566
783 1567
784 1568
784 1569
785 1570
785 1571
786 1572
786 1573
787 1574
787 1575
788 1576
788 1577
789 1578
789 1579
790 1580
790 1581
791 1582
791 1583
792 1584
792 1585
793 1586
793 1587
794 1588
794 1589
795 1590
795 1591
796 1592
796 1593
797 1594
797 1595
798 1596
798 1597
799 1598
799 1599
800 1600
800 1601
801 1602
801 1603
802 1604
802 1605
803 1606
803 1607
804 1608
804 1609
805 1610
805 1611
806 1612
806 1613
807 1614
807 1615
808 1616
808 1617
809 1618
809 1619
810 1620
810 1621
811 1622
811 1623
812 1624
812 1625
813 1626
813 1627
814 1628
814 1629
815 1630
815 1631
816 1632
816 1633
817 1634
817 1635
818 1636
818 1637
819 1638
819 1639
820 1640
820 1641
821 1642
821 1643
822 1644
822 1645
823 1646
823 1647
824 1648
824 1649
825 1650
825 1651
826 1652
826 1653
827 1654
827 1655
828 1656
828 1657
829 1658
829 1659
830 1660
830 1661
831 1662
831 1663
832 1664
832 1665
833 1666
833 1667
834 1668
834 1669
835 1670
835 1671
836 1672
836 1673
837 1674
837 1675
838 1676
838 1677
839 1678
839 1679
840 1680
840 1681
841 1682
841 1683
842 1684
842 1685
843 1686
843 1687
844 1688
844 1689
845 1690
845 1691
846 1692
846 1693
847 1694
847 1695
848 1696
848 1697
849 1698
849 1699
850 1700
850 1701
851 1702
851 1703
852 1704
852 1705
853 1706
853 1707
854 1708
854 1709
855 1710
855 1711
856 1712
856 1713
857 1714
857 1715
858 1716
858 1717
859 1718
859 1719
860 1720
860 1721
861 1722
861 1723
862 1724
862 1725
863 1726
863 1727
864 1728
864 1729
865 1730
865 1731
866 1732
866 1733
867 1734
867 1735
868 1736
868 1737
869 1738
869 1739
870 1740
870 1741
871 1742
871 1743
872 1744
872 1745
873 1746
873 1747
874 1748
874 1749
875 1750
875 1751
876 1752
876 1753
877 1754
877 1755
878 1756
878 1757
879 1758
879 1759
880 1760
880 1761
881 1762
881 1763
882 1764
882 1765
883 1766
883 1767
884 1768
884 1769
885 1770
885 1771
886 1772
886 1773
887 1774
887 1775
888 1776
888 1777
889 1778
889 1779
890 1780
890 1781
891 1782
891 1783
892 1784
892 1785
893 1786
893 1787
894 1788
894 1789
895 1790
895 1791
896 1792
896 1793
897 1794
897 1795
898 1796
898 1797
899 1798
899 1799
900 1800
900 1801
901 1802
901 1803
902 1804
902 1805
903 1806
903 1807
904 1808
904 1809
905 1810
905 1811
906 1812
906 1813
907 1814
907 1815
908 1816
908 1817
909 1818
909 1819
910 1820
910 1821
911 1822
911 1823
912 1824
912 1825
913 1826
913 1827
914 1828
914 1829
915 1830
915 1831
916 1832
916 1833
917 1834
917 1835
918 1836
918 1837
919 1838
919 1839
920 1840
920 1841
921 1842
921 1843
922 1844
922 1845
923 1846
923 1847
924 1848
924 1849
925 1850
925 1851
926 1852
926 1853
927 1854
927 1855
928 1856
928 1857
929 1858
929 1859
930 1860
930 1861
931 1862
931 1863
932 1864
932 1865
933 1866
933 1867
934 1868
934 1869
935 1870
935 1871
936 1872
936 1873
937 1874
937 1875
938 1876
938 1877
939 1878
939 1879
940 1880
940 1881
941 1882
941 1883
942 1884
942 1885
943 1886
943 1887
944 1888
944 1889
945 1890
945 1891
946 1892
946 1893
947 1894
947 1895
948 1896
948 1897
949 1898
949 1899
950 1900
950 1901
951 1902
951 1903
952 1904
952 1905
953 1906
953 1907
954 1908
954 1909
955 1910
955 1911
956 1912
956 1913
957 1914
957 1915
958 1916
958 1917
959 1918
959 1919
960 1920
960 1921
961 1922
961 1923
962 1924
962 1925
963 1926
963 1927
964 1928
964 1929
965 1930
965 1931
966 1932
966 1933
967 1934
967 1935
968 1936
968 1937
969 1938
969 1939
970 1940
970 1941
971 1942
971 1943
972 1944
972 1945
973 1946
973 1947
974 1948
974 1949
975 1950
975 1951
976 1952
976 1953
977 1954
977 1955
978 1956
978 1957
979 1958
979 1959
980 1960
980 1961
981 1962
981 1963
982 1964
982 1965
983 1966
983 1967
984 1968
984 1969
985 1970
985 1971
986 1972
986 1973
987 1974
987 1975
988 1976
988 1977
989 1978
989 1979
990 1980
990 1981
991 1982
991 1983
992 1984
992 1985
993 1986
993 1987
994 1988
994 1989
995 1990
995 1991
996 1992
996 1993
997 1994
997 1995
998 1996
998 1997
999 1998
999 1999
1000 2000
1000 2001
1001 2002
1001 2003
1002 2004
1002 2005
1003 2006
1003 2007
1004 2008
1004 2009
1005 2010
1005 2011
1006 2012
1006 2013
1007 2014
1007 2015
1008 2016
1008 2017
1009 2018
1009 2019
1010 2020
1010 2021
1011 2022
1011 2023
1012 2024
1012 2025
1013 2026
1013 2027
1014 2028
1014 2029
1015 2030
1015 2031
1016 2032
1016 2033
1017 2034
1017 2035
1018 2036
1018 2037
1019 2038
1019 2039
1020 2040
1020 2041
1021 2042
1021 2043
1022 2044
1022 2045
1023 2046
1023 2047
1024 2048
1024 2049
1025 2050
1025 2051
1026 2052
1026 2053
1027 2054
1027 2055
1028 2056
1028 2057
1029 2058
1029 2059
1030 2060
1030 2061
1031 2062
1031 2063
1032 2064
1032 2065
1033 2066
1033 2067
1034 2068
1034 2069
1035 2070
1035 2071
1036 2072
1036 2073
1037 2074
1037 2075
1038 2076
1038 2077
1039 2078
1039 2079
1040 2080
1040 2081
1041 2082
1041 2083
1042 2084
1042 2085
1043 2086
1043 2087
1044 2088
1044 2089
1045 2090
1045 2091
1046 2092
1046 2093
1047 2094
1047 2095
1048 2096
1048 2097
1049 2098
1049 2099
1050 2100
1050 2101
1051 2102
1051 2103
1052 2104
1052 2105
1053 2106
1053 2107
1054 2108
1054 2109
1055 2110
1055 2111
1056 2112
1056 2113
1057 2114
1057 2115
1058 2116
1058 2117
1059 2118
1059 2119
1060 2120
1060 2121
1061 2122
1061 2123
1062 2124
1062 2125
1063 2126
1063 2127
1064 2128
1064 2129
1065 2130
1065 2131
1066 2132
1066 2133
1067 2134
1067 2135
1068 2136
1068 2137
1069 2138
1069 2139
1070 2140
1070 2141
1071 2142
1071 2143
1072 2144
1072 2145
1073 2146
1073 2147
1074 2148
1074 2149
1075 2150
1075 2151
1076 2152
1076 2153
1077 2154
1077 2155
1078 2156
1078 2157
1079 2158
1079 2159
1080 2160
1080 2161
1081 2162
1081 2163
1082 2164
1082 2165
1083 2166
1083 2167
1084 2168
1084 2169
1085 2170
1085 2171
1086 2172
1086 2173
1087 2174
1087 2175
1088 2176
1088 2177
1089 2178
1089 2179
1090 2180
1090 2181
1091 2182
1091 2183
1092 2184
1092 2185
1093 2186
1093 2187
1094 2188
1094 2189
1095 2190
1095 2191
1096 2192
1096 2193
1097 2194
1097 2195
1098 2196
1098 2197
1099 2198
1099 2199
1100 2200
1100 2201
1101 2202
1101 2203
1102 2204
1102 2205
1103 2206
1103 2207
1104 2208
1104 2209
1105 2210
1105 2211
1106 2212
1106 2213
1107 2214
1107 2215
1108 2216
1108 2217
1109 2218
1109 2219
1110 2220
1110 2221
1111 2222
1111 2223
1112 2224
1112 2225
1113 2226
1113 2227
1114 2228
1114 2229
1115 2230
1115 2231
1116 2232
1116 2233
1117 2234
1117 2235
1118 2236
1118 2237
1119 2238
1119 2239
1120 2240
1120 2241
1121 2242
1121 2243
1122 2244
1122 2245
1123 2246
1123 2247
1124 2248
1124 2249
1125 2250
1125 2251
1126 2252
1126 2253
1127 2254
1127 2255
1128 2256
1128 2257
1129 2258
1129 2259
1130 2260
1130 2261
1131 2262
1131 2263
1132 2264
1132 2265
1133 2266
1133 2267
1134 2268
1134 2269
1135 2270
1135 2271
1136 2272
1136 2273
1137 2274
1137 2275
1138 2276
1138 2277
1139 2278
1139 2279
1140 2280
1140 2281
1141 2282
1141 2283
1142 2284
1142 2285
1143 2286
1143 2287
1144 2288
1144 2289
1145 2290
1145 2291
1146 2292
1146 2293
1147 2294
1147 2295
1148 2296
1148 2297
1149 2298
1149 2299
1150 2300
1150 2301
1151 2302
1151 2303
1152 2304
1152 2305
1153 2306
1153 2307
1154 2308
1154 2309
1155 2310
1155 2311
1156 2312
1156 2313
1157 2314
1157 2315
1158 2316
1158 2317
1159 2318
1159 2319
1160 2320
1160 2321
1161 2322
1161 2323
1162 2324
1162 2325
1163 2326
1163 2327
1164 2328
1164 2329
1165 2330
1165 2331
1166 2332
1166 2333
1167 2334
1167 2335
1168 2336
1168 2337
1169 2338
1169 2339
1170 2340
1170 2341
1171 2342
1171 2343
1172 2344
1172 2345
1173 2346
1173 2347
1174 2348
1174 2349
1175 2350
1175 2351
1176 2352
1176 2353
1177 2354
1177 2355
1178 2356
1178 2357
1179 2358
1179 2359
1180 2360
1180 2361
1181 2362
1181 2363
1182 2364
1182 2365
1183 2366
1183 2367
1184 2368
1184 2369
1185 2370
1185 2371
1186 2372
1186 2373
1187 2374
1187 2375
1188 2376
1188 2377
1189 2378
1189 2379
1190 2380
1190 2381
1191 2382
1191 2383
1192 2384
1192 2385
1193 2386
1193 2387
1194 2388
1194 2389
1195 2390
1195 2391
1196 2392
1196 2393
1197 2394
1197 2395
1198 2396
1198 2397
1199 2398
1199 2399
1200 2400
1200 2401
1201 2402
1201 2403
1202 2404
1202 2405
1203 2406
1203 2407
1204 2408
1204 2409
1205 2410
1205 2411
1206 2412
1206 2413
1207 2414
1207 2415
1208 2416
1208 2417
1209 2418
1209 2419
1210 2420
1210 2421
1211 2422
1211 2423
1212 2424
1212 2425
1213 2426
1213 2427
1214 2428
1214 2429
1215 2430
1215 2431
1216 2432
1216 2433
1217 2434
1217 2435
1218 2436
1218 2437
1219 2438
1219 2439
1220 2440
1220 2441
1221 2442
1221 2443
1222 2444
1222 2445
1223 2446
1223 2447
1224 2448
1224 2449
1225 2450
1225 2451
1226 2452
1226 2453
1227 2454
1227 2455
1228 2456
1228 2457
1229 2458
1229 2459
1230 2460
1230 2461
1231 2462
1231 2463
1232 2464
1232 2465
1233 2466
1233 2467
1234 2468
1234 2469
1235 2470
1235 2471
1236 2472
1236 2473
1237 2474
1237 2475
1238 2476
1238 2477
1239 2478
1239 2479
1240 2480
1240 2481
1241 2482
1241 2483
1242 2484
1242 2485
1243 2486
1243 2487
1244 2488
1244 2489
1245 2490
1245 2491
1246 2492
1246 2493
1247 2494
1247 2495
1248 2496
1248 2497
1249 2498
1249 2499
1250 2500
1250 2501
1251 2502
1251 2503
1252 2504
1252 2505
1253 2506
1253 2507
1254 2508
1254 2509
1255 2510
1255 2511
1256 2512
1256 2513
1257 2514
1257 2515
1258 2516
1258 2517
1259 2518
1259 2519
1260 2520
1260 2521
1261 2522
1261 2523
1262 2524
1262 2525
1263 2526
1263 2527
1264 2528
1264 2529
1265 2530
1265 2531
1266 2532
1266 2533
1267 2534
1267 2535
1268 2536
1268 2537
1269 2538
1269 2539
1270 2540
1270 2541
1271 2542
1271 2543
1272 2544
1272 2545
1273 2546
1273 2547
1274 2548
1274 2549
1275 2550
1275 2551
1276 2552
1276 2553
1277 2554
1277 2555
1278 2556
1278 2557
1279 2558
1279 2559
1280 2560
1280 2561
1281 2562
1281 2563
1282 2564
1282 2565
1283 2566
1283 2567
1284 2568
1284 2569
1285 2570
1285 2571
1286 2572
1286 2573
1287 2574
1287 2575
1288 2576
1288 2577
1289 2578
1289 2579
1290 2580
1290 2581
1291 2582
1291 2583
1292 2584
1292 2585
1293 2586
1293 2587
1294 2588
1294 2589
1295 2590
1295 2591
1296 2592
1296 2593
1297 2594
1297 2595
1298 2596
1298 2597
1299 2598
1299 2599
1300 2600
1300 2601
1301 2602
1301 2603
1302 2604
1302 2605
1303 2606
1303 2607
1304 2608
1304 2609
1305 2610
1305 2611
1306 2612
1306 2613
1307 2614
1307 2615
1308 2616
1308 2617
1309 2618
1309 2619
1310 2620
1310 2621
1311 2622
1311 2623
1312 2624
1312 2625
1313 2626
1313 2627
1314 2628
1314 2629
1315 2630
1315 2631
1316 2632
1316 2633
1317 2634
1317 2635
1318 2636
1318 2637
1319 2638
1319 2639
1320 2640
1320 2641
1321 2642
1321 2643
1322 2644
1322 2645
1323 2646
1323 2647
1324 2648
1324 2649
1325 2650
1325 2651
1326 2652
1326 2653
1327 2654
1327 2655
1328 2656
1328 2657
1329 2658
1329 2659
1330 2660
1330 2661
1331 2662
1331 2663
1332 2664
1332 2665
1333 2666
1333 2667
1334 2668
1334 2669
1335 2670
1335 2671
1336 2672
1336 2673
1337 2674
1337 2675
1338 2676
1338 2677
1339 2678
1339 2679
1340 2680
1340 2681
1341 2682
1341 2683
1342 2684
1342 2685
1343 2686
1343 2687
1344 2688
1344 2689
1345 2690
1345 2691
1346 2692
1346 2693
1347 2694
1347 2695
1348 2696
1348 2697
1349 2698
1349 2699
1350 2700
1350 2701
1351 2702
1351 2703
1352 2704
1352 2705
1353 2706
1353 2707
1354 2708
1354 2709
1355 2710
1355 2711
1356 2712
1356 2713
1357 2714
1357 2715
1358 2716
1358 2717
1359 2718
1359 2719
1360 2720
1360 2721
1361 2722
1361 2723
1362 2724
1362 2725
1363 2726
1363 2727
1364 2728
1364 2729
1365 2730
1365 2731
1366 2732
1366 2733
1367 2734
1367 2735
1368 2736
1368 2737
1369 2738
1369 2739
1370 2740
1370 2741
1371 2742
1371 2743
1372 2744
1372 2745
1373 2746
1373 2747
1374 2748
1374 2749
1375 2750
1375 2751
1376 2752
1376 2753
1377 2754
1377 2755
1378 2756
1378 2757
1379 2758
1379 2759
1380 2760
1380 2761
1381 2762
1381 2763
1382 2764
1382 2765
1383 2766
1383 2767
1384 2768
1384 2769
1385 2770
1385 2771
1386 2772
1386 2773
1387 2774
1387 2775
1388 2776
1388 2777
1389 2778
1389 2779
1390 2780
1390 2781
1391 2782
1391 2783
1392 2784
1392 2785
1393 2786
1393 2787
1394 2788
1394 2789
1395 2790
1395 2791
1396 2792
1396 2793
1397 2794
1397 2795
1398 2796
1398 2797
1399 2798
1399 2799
1400 2800
1400 2801
1401 2802
1401 2803
1402 2804
1402 2805
1403 2806
1403 2807
1404 2808
1404 2809
1405 2810
1405 2811
1406 2812
1406 2813
1407 2814
1407 2815
1408 2816
1408 2817
1409 2818
1409 2819
1410 2820
1410 2821
1411 2822
1411 2823
1412 2824
1412 2825
1413 2826
1413 2827
1414 2828
1414 2829
1415 2830
1415 2831
1416 2832
1416 2833
1417 2834
1417 2835
1418 2836
1418 2837
1419 2838
1419 2839
1420 2840
1420 2841
1421 2842
1421 2843
1422 2844
1422 2845
1423 2846
1423 2847
1424 2848
1424 2849
1425 2850
1425 2851
1426 2852
1426 2853
1427 2854
1427 2855
1428 2856
1428 2857
1429 2858
1429 2859
1430 2860
1430 2861
1431 2862
1431 2863
1432 2864
1432 2865
1433 2866
1433 2867
1434 2868
1434 2869
1435 2870
1435 2871
1436 2872
1436 2873
1437 2874
1437 2875
1438 2876
1438 2877
1439 2878
1439 2879
1440 2880
1440 2881
1441 2882
1441 2883
1442 2884
1442 2885
1443 2886
1443 2887
1444 2888
1444 2889
1445 2890
1445 2891
1446 2892
1446 2893
1447 2894
1447 2895
1448 2896
1448 2897
1449 2898
1449 2899
1450 2900
1450 2901
1451 2902
1451 2903
1452 2904
1452 2905
1453 2906
1453 2907
1454 2908
1454 2909
1455 2910
1455 2911
1456 2912
1456 2913
1457 2914
1457 2915
1458 2916
1458 2917
1459 2918
1459 2919
1460 2920
1460 2921
1461 2922
1461 2923
1462 2924
1462 2925
1463 2926
1463 2927
1464 2928
1464 2929
1465 2930
1465 2931
1466 2932
1466 2933
1467 2934
1467 2935
1468 2936
1468 2937
1469 2938
1469 2939
1470 2940
1470 2941
1471 2942
1471 2943
1472 2944
1472 2945
1473 2946
1473 2947
1474 2948
1474 2949
1475 2950
1475 2951
1476 2952
1476 2953
1477 2954
1477 2955
1478 2956
1478 2957
1479 2958
1479 2959
1480 2960
1480 2961
1481 2962
1481 2963
1482 2964
1482 2965
1483 2966
1483 2967
1484 2968
1484 2969
1485 2970
1485 2971
1486 2972
1486 2973
1487 2974
1487 2975
1488 2976
1488 2977
1489 2978
1489 2979
1490 2980
1490 2981
1491 2982
1491 2983
1492 2984
1492 2985
1493 2986
1493 2987
1494 2988
1494 2989
1495 2990
1495 2991
1496 2992
1496 2993
1497 2994
1497 2995
1498 2996
1498 2997
1499 2998
1499 2999
1500 3000
