3000
567517623 435616925 1045240311 837930419 263780071 548418719 631876020 1056432519 860071448 629792095 490043981 742327123 425831957 10130179 806774304 913978677 165278135 242038749 530443224 162205316 947508407 710560559 178105265 728012735 738470999 825873973 346988599 545814270 1053316577 190283737 525708825 386062414 997381387 590787017 951767701 577426731 558560398 499462767 285092126 746333813 598137324 799841146 636882183 914157995 720802702 860481251 559156485 312479116 60267122 833680994 837252841 290148164 217237214 283664445 53578047 778632460 363948226 625543914 435623540 75877042 1027044082 41517717 574099891 690401477 698015895 985268940 793580040 871936312 1048210638 630192249 627639190 430991796 95568298 254421761 293683061 1053782701 262322861 265047519 267390701 304853775 940944055 894288923 429803107 236993089 417420314 1022712255 983161446 1012930033 579479192 608836739 86708467 964178457 233215485 707695038 646670538 464821851 420772427 912195835 908528 792393773 260820292 746426445 480581136 790026676 82659575 803364024 682408787 320394297 594047518 735090438 536589371 273044637 1001248228 624742550 980533830 485237870 660490035 378939486 5509291 683171125 642020158 683770661 750308391 665731536 117479204 290101853 133959670 576226930 1025057551 296678987 366595033 174685670 82942464 392969313 578154270 434702794 28575170 727378219 158920968 669015207 1056920048 868234101 434253830 888710447 176138446 684721967 768057590 944651605 702026211 386133877 999668642 593799000 642472665 220516742 544923267 27330562 931957724 810643664 110549317 991882161 164469572 2061828 681122362 1008174975 350654992 180996961 59227940 813660785 866988620 1059189268 129167876 513806930 277865298 1002092955 828867950 436594538 557826272 1009179944 620022012 257388471 1009262198 970866923 1063065810 661254029 1069047282 101639735 1014718572 1024390612 247054188 318781098 44441764 98104732 87131398 996563813 58513215 223095032 11614062 725464890 458996583 10226029 225708003 584260180 329859177 233437118 829468926 327342987 916450886 598413086 273894196 164605935 10041284 355126136 23989470 391929535 495540145 511504287 625023716 95645341 44730471 550421438 255838248 658969175 787513838 372993057 260603522 727695903 808203353 101742093 1065216519 954169009 961286340 1000123583 455442233 231015193 366449630 342282054 756863436 90739420 440172887 402994717 677739803 677555528 102821503 796026771 862243726 492242848 987216860 163560391 997238953 950276496 991146541 396642445 445155955 447129698 513299525 784166814 26007233 517520428 603195725 67322370 119502839 241049525 684540803 36918264 435106598 476849541 794506724 428479640 737870184 511065764 794469972 391951981 166252879 876389423 107708447 654546575 155800632 196413812 446770664 728603606 927728272 967147140 1028324431 336832340 875018667 734983376 1023627263 269323762 116933791 72105098 527770695 254367298 849744493 811468048 469892053 1036086978 695534183 24767325 524992033 232481972 228062625 942523019 318958474 955870803 68224251 641774007 486105539 384286240 474348778 429813888 897355825 211396166 579812157 884229127 634920298 332665937 701660125 780564289 1067586528 48277033 936679731 21600176 555549037 800766392 894569489 940402351 1050222059 339432334 461862382 555993075 973798363 953678164 268494351 757860942 415055755 836728798 279683123 217992727 336644092 703415031 144134115 824487808 35073482 829671110 698575365 45410653 41218168 263464525 1162693 285308612 268636602 294952577 285284965 792536290 982498251 755606903 257809646 131790190 987245221 788216778 763573278 912799459 1067084311 136546811 806585097 223149812 534136082 277550781 642534569 914527045 250413715 666133404 657891382 19040311 263066074 16367657 692618673 169439336 758746531 434851224 490813124 111178502 587393931 288218916 733109584 618347196 827744779 653078648 989688058 494715595 914794565 218340966 934930091 731162334 1065456132 1025698356 777192416 56310496 122415678 961686257 529326577 747865006 65777920 460702745 875553223 522635646 390903523 365334490 260334071 788892620 730961653 489927869 82354787 883290608 51566726 280960336 425565286 262299685 316195302 164500059 721547224 851774559 908475371 900285959 1036491136 325232281 565296477 768804311 781213116 255269520 1018931622 729668203 450263517 111641209 584545872 51992405 671876831 1019190505 1012970907 197244399 781195568 784528994 34898444 925408055 847704793 1017270236 763135734 560780825 157022571 552436061 113678546 89895305 715253519 1064147369 567556427 349187587 327082098 834738814 361994242 396180680 314190943 60400660 1002865424 670375554 674269461 788237912 881570177 465262580 681820901 1022400411 315371525 417553715 1009907188 1046096757 366139441 401726387 383521409 870001476 815237984 255134948 186190442 712359518 912083900 47996421 405849862 912604671 205151361 1002281691 1027394220 73305301 978894717 294135278 1061942898 110873389 97878286 633922435 262548682 945665625 405692955 741752279 412306725 353277772 399424043 772001957 299285189 745706588 45640770 342281638 727676743 1008606635 356795366 1056065679 317423951 639957644 338581443 617341378 1058936282 806715579 887412606 843944987 203294603 451214840 497837800 543077364 495278894 1064384690 81136712 653155570 807001047 112476445 980850212 546501637 260857476 171372186 225077175 204457828 642534442 708051906 129504535 916526007 172739221 514375936 476267351 633079283 76699709 585303846 893438632 707389904 906699038 1028252664 872263166 523532722 564688232 550748399 377974263 827472849 504303628 886247148 1056950592 457760959 733981935 986900280 820007533 209567465 969613657 54676891 923669607 573562519 557524980 691631248 156213766 822844338 844471406 717767060 460702165 133782634 972352302 302845874 589043495 1029783790 182142578 411466747 14577428 986324893 296555675 61957294 25728407 903002142 174806717 278993930 367645744 599235961 1009973788 911012157 609176036 338282888 959300040 222933951 236317958 943726805 145261064 23513018 701454288 1008097901 594110998 653619772 711355561 427332322 452815115 223867236 39158970 896869510 84404844 843266207 1012149615 535576550 1021162306 122008200 978144988 1025448241 122569799 918835962 936695092 1000650061 43742778 511371873 971116297 596192182 607136285 383418193 576584467 30865039 957604206 778679395 134656826 172181586 354583475 90867256 835600364 800502295 947093441 63827561 389951334 231199250 318999774 588363178 1039132375 537226415 828336256 376824497 921760241 751223191 443889414 1027790587 188717583 464557601 44857627 772788983 256137815 691652994 337223697 963731715 268334706 912956072 1013612046 660544488 641335614 191075245 392985258 51312474 1039435494 407300610 316685439 1030043911 850815695 784119545 105194083 784724388 33063767 716387986 771609812 427250307 866754962 299920329 758170705 752690467 296579544 406106529 1060375241 738660396 263357803 642798771 929264136 685712955 774472996 610908924 290349463 565186487 508779437 339083384 151295093 116346574 43362363 912074438 618335109 782094851 903565210 203021187 279089526 278187289 198634337 488605399 656303085 353259955 917186611 620590784 107560212 960548116 838484832 523958583 875013631 30481982 397284466 481641667 542743689 966959325 730846916 927056248 200083401 147052841 302772074 708429086 493919884 721685962 586715912 1066590691 698222158 312391928 76309677 483855180 782097556 671258925 680444779 688421439 318520573 90414586 37055301 883235947 924253688 542273995 280987192 792426332 334585418 516427695 83152700 1071652372 805963927 529988845 743210636 547969804 421451954 689718780 5213654 420831703 558545924 166280058 244175304 876366442 299663426 191015226 482455377 632103561 1019381476 1068048370 522689220 438077810 599875651 943255778 782325237 236914464 761646567 798543873 419734941 839945929 350121236 117556562 930012231 978812335 887169771 397337588 161401349 666580586 569816054 627059280 1043181794 584523802 538947158 120140530 440112488 84722776 90311267 607638830 711112808 900744313 752939240 513800965 728319757 915390198 353104414 830775550 406833976 440138810 903175845 1011015405 234236799 854639631 1009472291 1020446095 481335216 1036421276 14231540 912603005 334453365 607201432 39188187 715959540 264754843 59841445 10275208 893060946 1045206208 635827506 86055816 312562826 114351505 23470284 971741059 39752205 390009914 542387333 349807055 475761609 152578928 128324999 405525745 707435125 966132083 316422554 766293703 278866820 283183996 660132441 773344100 258641469 1005264945 259344431 412799687 487855303 250829069 485581797 926201342 859053088 922968148 137108852 808357751 620082510 729922812 689615705 994827421 489249678 139241363 260084752 385205992 852229059 602453596 915479031 163435167 575237296 453668371 922967487 458355212 19563057 362051625 23790404 738127022 963336817 175470769 272700820 769276872 161623772 208120160 844216942 393440358 181304913 904311264 242575087 174806784 438088170 374062085 315317985 443808893 45193856 537522869 734615836 975048246 426258682 938340313 951211765 508868114 169399409 395884748 152588183 780503761 298256717 485306136 327596338 286738759 313374307 77613025 195404238 1034251923 774238841 963758424 511780534 229959652 914732219 634827345 595570713 896111132 908081674 814578464 190941465 250584250 955775958 868054126 597758954 774894987 683152378 32412350 78075208 1025548378 13937477 66259447 761637941 827300761 265627687 164780561 582214765 1020270865 1005898030 727641865 812613474 445226078 882902372 704337426 665329805 403500105 261804977 98387238 619283707 1064546094 611244351 39239419 927591546 295108099 364908295 963793534 978412827 208609354 784705649 1050748733 318316288 77545158 427753667 345528309 54921144 748533755 970401048 227408871 186501426 829561294 61853118 174927901 243546828 163275733 1003170841 650126941 125196938 691961810 275496244 864983134 47842737 970603436 353689892 1067637587 7770644 909710674 470910631 681184936 628601724 41617283 857073110 1040562370 800499570 856857880 400959122 402953565 790970120 974144439 170728638 427694397 17893244 1063263205 228771665 640104575 563572393 857927051 182032650 899583125 75670080 796124711 1032581357 649644539 322258649 958891493 179103028 753991073 823098718 15131060 498821724 66854969 246776054 417868785 489601851 121161127 536259722 112493026 160244038 763452121 288260249 960309126 1014019157 991173212 47346305 706636089 159134218 869104477 188228483 690314898 880550034 753425410 734165354 17574411 824084754 534218061 1041885330 198223319 318894599 191220915 185250572 1052186504 57023657 890356236 62974236 51419388 67292267 709321928 209998859 143366513 871245771 532321857 641771289 641344011 961568759 285958543 751824468 1042140425 452670260 399068697 95920798 516845879 867654792 279537814 843138490 981107867 892094111 348329113 126545333 609284196 406818063 173747864 358539798 17804177 276425580 616819495 148499144 255439880 937154070 842197145 591448034 747130201 384917749 34700046 859726019 293761072 743929112 771167522 134077444 895569076 557474503 141210466 423934487 717812776 203411795 341910565 195133519 961167384 419245281 698736606 5147231 174242443 294340434 404985907 186635248 253419621 271900565 571988873 6332207 489713378 837477877 94729459 681080146 1015938359 892927531 622382694 235498081 188813706 244464607 618978280 969682782 946730349 484562898 994753781 173204832 387218739 858513847 963920208 653147296 614572796 505202335 625858572 891338489 960019400 491333965 1059797456 868205519 410975989 145504207 269113613 471514047 570705357 454035514 308461909 435553690 725932157 919441748 296590849 872062774 938343499 208695550 199509092 244395189 88385799 523988038 193616582 1067627792 717506830 824704280 326059702 874171909 288608679 396871159 255188635 141681076 585194508 417837727 497735021 792097391 678031317 568067624 817611972 498248462 583373466 504513745 377903746 358124442 799086092 1000665265 586764531 478342686 1073172111 627002901 685894520 943981231 318799958 37639691 1024718773 806326040 855564436 901426194 508450445 156854467 554631341 611349132 805762314 470996037 268026108 1070114751 633507193 371557338 1052199838 452663862 456077761 469539971 636687245 680585255 36605192 605784183 65332059 448930762 886181311 700115522 1028600453 916844524 165259303 852907435 535440590 3350111 643963213 748012732 358670828 856964047 349005295 628704460 977626278 557727019 128752265 661094690 220891136 69624952 115614713 889935841 731973491 610389909 829683001 965686218 87535719 278621903 1057317993 871153417 551117852 658814603 633180748 992275695 837515576 595874496 842720882 97205227 524757280 239549438 838951182 1063816040 314623518 701028313 47372948 130798332 52755647 26305493 824181957 129133606 1070661059 181412816 989288266 317403326 502622599 559716584 530893647 594459277 1018639973 918581822 686085972 578393374 712034776 95513544 377093323 1045196770 1054019175 1003319634 670413565 985189087 411009419 64641129 214082083 659851172 493956778 502955058 183775297 568063790 1059174942 217817275 909402018 479898926 156043482 263825902 449777449 653317092 734238643 781996835 903296840 313952866 319627558 997885872 130799377 397963223 189358299 981149584 991329662 1049471555 907396040 584031994 952868516 729959619 107658328 387279483 668555435 544828084 813932297 468761203 59696327 329471687 26722606 828031551 447589627 922287630 489306393 295924076 328110832 346544887 176862649 855980408 582528398 418414455 966089159 418930765 1012930823 505708609 788693225 339926732 947509701 251671479 780574409 857215020 144326534 446477642 158699479 736696771 57584480 710735286 434638575 608422068 544230654 818641252 456066511 567029896 931190590 929810153 207191095 906867406 782030093 911815309 102388906 1010939378 353364093 862290876 288418236 255252967 673308065 813400353 940857600 807809324 405267493 930777628 398072798 39005993 193500358 809714524 1072563824 166392462 512286045 925223885 199827790 871528676 482099999 1035476197 792215542 623635 622427678 593543045 616197850 742530968 16966522 259437179 45400334 333234316 386232064 222459641 742985965 801252436 216888667 86866227 749857241 61516979 755554937 729298606 1015185502 158975022 545537957 910635211 622792798 655617733 907888112 678538300 108797637 591985610 941729644 277333103 987408411 63062397 1062645216 795337985 608109407 830711919 640428229 336291441 623756292 439639328 20239448 783639525 58572124 262972228 115133265 419968675 619446847 289254868 702746221 518056210 622898073 753691590 117856400 108310472 539386677 754306091 756380117 1063666052 794421456 114096521 132002495 298422661 220157300 945604885 429532735 460415261 694129267 287324080 207829515 274697073 934927576 229499682 1034515925 384374975 340127188 482389996 1014918369 547426935 508921447 1054188436 1011495478 718314778 920696392 346891617 424239463 217428155 720475783 248531158 587953885 932043756 217013545 374799885 369989733 965054058 79648051 1059679847 1042452700 720239646 575904283 824860606 629969368 524708084 774853693 935340266 106379323 952878808 924174806 547291849 4175140 852955863 993597554 14078324 67050425 347891419 657304169 8287325 572665375 226237095 745786070 328068640 229990399 133820737 830519737 936725108 480294429 85537308 570128902 417395305 41086249 355786478 535458087 167316259 402260268 380170904 651186457 479231980 623715340 579998405 28547443 732087271 170136277 424936083 155128298 995878047 508298737 483760922 672273810 240227352 576490661 739656962 255123811 693039823 537140842 1033023728 227627609 158488332 989391519 763332705 922065285 535461350 532363396 237164998 882298918 1027064009 705304049 771041093 260795698 449859869 934116103 616272708 55430161 914803199 277476123 867741539 786068339 825843420 740426068 230477511 408988356 560915538 480911776 348768068 948269426 659063245 1009766854 10547144 1055304113 661157814 624663336 1013588352 391425735 840592732 851974260 201704531 511146951 926153870 417660598 31121960 159697558 842550097 275187085 32333179 1018337699 1068894478 50519939 656197957 645523734 876214834 259444287 571253660 109003723 160916750 860876627 324177641 527574624 103779871 564925424 473856281 278494286 237345293 301409541 128009769 61549830 911306293 385505903 235529054 782201980 395589012 579383892 464443137 466915010 223884233 487682300 820947954 709870549 384166678 333658490 801445553 535302388 740449920 541362089 950831139 373018807 81358815 249191393 417878373 112123166 725344968 182447096 608935399 1060425190 674781601 89644691 742303687 353102321 121105142 278062185 147521282 539023463 201241194 1058122423 1038897094 599233508 566388611 844507468 990652834 949139396 422247763 351016191 367637526 453588581 703834603 271764903 1017062492 868647855 734505662 322507222 850603083 75588347 609661863 1021608886 1008181887 808048630 352742328 140813624 373864076 348689745 337482710 795779764 414467882 846359831 911101412 344537132 273745415 64054806 94115920 453050896 288003953 367712051 72070939 443544661 212585989 1056886566 639055231 724241909 603178293 679691561 425556508 461776704 422775562 273309268 950214379 333272334 414440751 878063745 209540728 172021576 230322169 72013169 591112160 988373036 232681103 313613365 250991441 185490704 311729181 711987614 501682944 174622327 779202305 235435243 912935637 392853170 166758066 437361804 966983523 94284499 779257670 905400146 704886547 860004296 954451519 626925681 394232117 306036211 874716236 1009575128 72464153 459588879 847348506 934838263 358192362 829717854 585273612 340081468 218824627 370774672 634049787 995969815 43006941 96582090 649914168 1005835348 275952071 248113630 470047876 186199645 927738931 994227028 528551229 115741616 422625873 159596942 145515739 225797828 917622263 339233677 819152241 69879657 754377590 1013024898 961384693 203461044 373986245 85670481 366660412 64861261 1061200926 207058708 491306371 122977926 60518600 547652962 296641870 79830750 682730852 1032234755 491118188 572807969 388316810 324085554 129247599 221214771 930415386 844575716 807694229 683774450 256899016 816941835 1008699409 789691965 305765599 779852405 910764840 858872344 395805418 1044179313 615092401 736641242 409313273 577935077 168573322 1017695483 616593453 105388284 418244754 980284070 968477958 494787707 995792815 749619834 565151910 342834336 645592504 512367493 683302059 454357917 350703355 391860853 50549345 25906423 408650569 109599165 860475304 867052367 713634317 946810331 716963754 830596198 22301878 337061637 233296449 659689806 369377329 528191605 516781735 826770953 542946271 764881222 616422526 125533137 920719730 93041017 58428884 247887971 925724342 81200242 211780675 454534846 637033830 628103347 545973111 569895415 390608683 193995178 545706814 200997297 288633793 63725506 412303369 431729261 641504065 978571210 49397489 542066125 687045296 215197529 688183227 456918740 232126094 809537530 770864991 643496076 649975393 1066543108 963956570 1017798547 773035807 861067436 698088437 1052888667 161271497 656393995 83795386 313594732 362004508 562547289 589639245 17081509 234946774 910569534 549350482 53943404 692581189 195219550 65991 656203765 608023959 1064104649 593401441 870794626 132657634 921957482 677636664 1055304474 587515259 952204569 578517270 747672811 989204760 1000020732 151683701 984622617 698457106 463115742 35654105 320099687 447052471 765842584 67118823 157593826 128144000 29192305 816781213 959578983 154321507 492419179 103937089 439929487 772053738 1039410530 509354305 413506948 595253906 294906643 13403297 527630683 404159187 728380448 122490004 716020853 1021340786 38828438 1002944573 892819696 456997738 649348318 176879940 290472316 821528823 462084879 265578973 732002673 545454102 17466224 107830382 44579301 195865535 127303633 572792888 555051535 71866521 107381159 629175576 721946785 527100374 655259811 1043646253 796455297 844248831 685023871 390994873 256744568 792196251 661488064 828301102 26017108 1021421730 16674476 178397976 167711957 892618490 487038292 569341791 382317155 889591897 1064246805 467261478 468457934 453348496 1030662612 1024196945 985905378 1070050960 307915345 233398841 383710017 811897218 628487343 230127976 596337375 512774219 185009647 339669584 249521954 908606514 680745964 13094307 31727892 830682928 108266617 945913090 738613112 442528154 603144740 240108424 893960418 587018140 914612996 294810088 79452857 605535651 621986108 509583187 357586253 1029640104 622879821 427784723 18799763 433557685 254128158 273381827 712462276 481068366 1067998215 467280009 127099907 300917231 67038581 927296439 542685634 932403978 534849414 423908892 173002302 1012205302 197679576 881407519 282830809 470553521 873104458 1006671512 1067955479 344501437 665816916 832302165 675482425 1023407049 610589642 556126888 48869885 921868414 181863 515074239 858593722 214953683 297773148 678679779 519381824 343059551 340007661 53332112 987665265 563778476 647743077 410555083 217330086 331583438 504965432 756930153 3282002 986448513 901577046 366154310 606762236 233649545 618231251 34456463 269544425 230929248 175815067 194146757 886862334 518755445 193370549 873196304 855474952 358658555 1007153603 582436873 764378004 64368681 283635189 198684966 962755381 443733487 81580863 982896137 269218756 223942836 927797640 868714233 844941833 993821893 895898977 50185321 453940089 306781876 857179730 971512912 250721722 443080670 953887541 161912836 983434243 165294341 199816275 471882342 746798405 994402455 985946857 322292113 841814385 889081845 668880418 843589028 537919532 615735625 735952454 226624424 146402439 1044762050 856553154 215700044 34362468 266094169 64418551 721088140 961183503 453595852 983889489 435954087 639550158 724143550 793172240 622227282 282271893 726128114 319540047 75727882 631252289 355271389 125100656 844717892 269594982 879290582 967393427 256434721 891741359 79519103 1065549666 320562760 839952065 798148043 830992071 430884208 1069269790 1027810936 36331309 983293092 637114371 719490576 172263494 118696326 826290523 304126422 83389438 774702802 390695435 776846286 988421028 919996354 112956894 1005737272 143487995 656834488 451686709 344373521 643722992 190065174 564365139 705943203 1061395904 309946432 1028580730 904656727 344308221 848865127 957769236 1025258822 639295414 967515467 283430106 793296933 826562207 836063436 982522447 466819420 150533072 867741903 232234879 96428870 615757308 859055063 930144879 480315393 328528250 318754317 562472609 773170677 697097759 450961743 731275315 146399528 785673171 964405536 834504875 1024268027 889757147 698130623 210532615 899744472 503285515 327231659 916715648 1041331876 166368526 281980258 630000940 55774210 287353312 394231290 404731832 219102203 1032875654 621577905 543553620 61288476 604503247 243770769 775460011 63606782 810798404 736782188 710628535 75275540 768426940 1064101644 1069354471 77484211 1642774 401116060 693700027 33990864 339476249 478682043 491959485 772628341 824280125 456265658 418681389 566568949 567026997 250634090 341068410 684726230 404875971 316962424 620211917 699479962 124572850 531704075 502945471 6698643 372820403 660491525 546188403 144592415 794035555 299184370 86922770 490567294 595144666 393897360 620907448 46457543 452870437 648718600 792299353 1034362158 512293351 579912573 326885069 1073464818 825221309 808843086 1033007090 615302582 271380612 716015115 13349071 927309338 1018026793 961778419 820641978 116300154 600840149 927583708 316125284 236878208 1007641548 167162557 523251331 998367415 657559885 879623946 811750197 847961058 986951831 881983695 390572869 375049507 964278487 493377615 109826775 913307560 860485533 52682249 305593157 824002038 338166864 793355592 502042210 227517719 655951146 108332731 463678739 835276809 967803636 26466690 1017798287 882732627 955989624 275156680 84232678 859608798 298945344 410572077 64443901 524834184 124236616 827759869 276443116 595513696 1005754882 938095897 392129702 971845 722169123 441164884 286450283 481667222 931667830 476746430 646990468 786703810 820587644 288466828 173598433 544934871 828333279 306654417 631908892 55755421 942834833 776986015 886386228 751678891 733538736 729879118 252176300 875346580 14782396 819778260 614872377 619215200 24739420 621399462 881446273 426711503 483486583 665739957 384457130 610276311 35122539 197460896 107314005 559415974 312481509 796961375 671147856 186928392 707543752 551363875 689017740 303832458 469357773 708704270 1064492061 816748 889417298 416700571 413749707 742712127 1043149042 45475165 709038287 236211494 951070242 786665846 1025711684 299794327 995895296 11577158 52104661 254304643 271916447 1062815436 279070612 58447866 391275396 725404814 478457869 452061204 148613907 471194043 817491785 89913440 999615763 206489674 48124451 1026909663 83734091 913460409 188145418 985820339 135555501 716752026 553238429 638788238 443797031 95090606 1000343416 66960163 469623693 1042985184 776489978 303451604 316119778 725363469 32800415 696961606 652606594 3704782 150963643 59470062 309421484 55368062 251245729 516138137 1018971759 220098514 370003243 481812670 73179061 133870723 990315829 479278823 536509758 16544784 459832547 509710789 766742729 272797882 382917142 292019714 970670479 1007174410 391819554 182441133 1039581212 678879908 755867511 663907419 606008730 24582553 748609525 446194012 226880089 181635830 717872839 398940951 226214746 588532188 680844131 329441113 118381751 771844342 602517265 331951956 301534008 965024205 695633624 257082635 113005913 871603142 319296286 323151593 330821319 773274647 393507399 343637844 522823349 206612944 805018932 614114722 295624388 34986603 55131850 45782099 155862479 1013135639 310866622 855906696 562605694 86819895 208725765 435862430 76377106 972327125 553578199 837427217 321114641 951404485 698523764 965386252 3803511 114147771 151415835 584679805 155899877 1054631192 90465889 677596168 590575921 105635720 764950744 865094410 440599985 380026560 361543195 900797297 323944005 266570865 622178249 72268955 356475350 381089316 633983265 141968703 304927956 466329875 790181366 210730608 1029295766 837819185 599236866 876676589 552524587 846572155 615317008 501845215 868614217 1059613792 892840551 870040213 710881285 590223654 1023909539 1070709929 183148314 473281903 263725275 985476446 246863786 1055852264 829473701 594449766 74988974 694549348 922710632 399187130 1040667459 989562166 886945876 115252756 174867393 692197814 503552790 879208996 170352469 347281876 963253721 628902074 121602487 483549088 957182425 580478353 568684456 633683070 267693157 536930076 815703034 729645435 1048836153 679882154 500237846 155835455 368138540 406940283 542614961 145590226 117902405 282846033 322974253 770139494 178294867 964860173 792103326 906727789 702617286 200339176 98940887 701742903 1008866040 340310674 518357380 908537385 486667788 957862607 752893318 880530779 225277885 454134174 399140763 493603499 278076144 561637835 470400855 952871653 550050554 925423940 259219307 979216802 1033317394 765399661 536531804 928707313 902809243 170946484 1019604675 617749532 672829360 839939989 104740583 957710 181328541 998858996 666666767 834980052 1055246511 817103838 770105281 779419082 891678146 914476858 851764757 9757264 612916011 1050566105 1072413665 1018487221 918223948 957768722 98518919 814398241 657159161 722033389 1062755972 912299346 80329898 611619939 490410636 50518166 168858183 897710636 854080601 824564151 936824037 1003049341 473563073 93852991 722447551 762289366 629110390 220865175 334847380 134381614 707311983 639243914 690852198 659749250 169891441 109015455 791067779 224773244 139771868 627176353 658095308 896913640 952157902 591117874 903687733 416986153 160682730 418025636 638465779 757980772 333489223 667673614 557861137 25143787 185874587 715761782 1024194425 824822044 346611588 105736763 878085998 280712438 1044316726 512852917 110127051 701995655 663175296 674634383 537707441 907169564 925800536 845621762 848002508 741200680 186415142 459685873 219686377 745184910 508207463 804423987 895344423 119138796 606982145 979522663 394932414 20933237 883896349 553652603 728034084 275067357 521033236 751670669 762157630 624419123 76891431 161428201 129597338 596134594 477522854 142947438 784023776 437481620 1016440332 338171628 804170656 778776432 624283025 64145416 805696847 170791847 1070238782 156091975 761126294 947367445 37615694 98430110 382208631 534010229 685224088 853387448 663810037 507694164 21172300 653932372 60975196 442500879 246529937 264911031 819174137 980414276 345380836 878409138 17773118 308232263 634418301 57364797 206725493 16094721 347872021 305435639 580461801 199324796 903197462 739113799 215950176 169186894 937346187 527694974 77749436 552666580 896240801 603930647 268220209 577685464 630319521 987549219 231671725 425289580 908868982 733146527 851551620 799227975 850561451 145973286 202649039 1020934473 121542479 239508587 384201727 376685463 618877573 468052402 888562356 325192433 545120056 268558404 271786621 585627502 516558051 1022074132 431800290 161821101 1049193980 250814814 130532942 482266471 1011645530 856525482 474948359 500681789 634778137 1004971856 998473643 19097078 989592437 1016268704 554610682 1040812326 99767843 391542892 5279317 32843927 94982739 179305905 937720190 552600552 353084836 415669745 795715203 774756952 122919012 790949192 88074116 357249644 730473668 938036856 426597288 293821751 586267060 256115192 553609820 4724485 752097328 364869546 572442018 638605355 961404846 154712864 825907447 736471642 8096226 331001478 800519710 801874924 875683967 564378448 818329699 757524607 969042331 28197417 114277787 1041602695 910744885 166417257 562958662 918563190 539614811 186512146 95884906 439684727 598068706 854793602 967646551 343819950 88416166 307448409 12797651 66934582 845933241 558902631 99680343 587357004 841201211 68947365 630212453 162167343
1 2
2 3
3 4
2 5
2 6
5 7
1 8
2 9
8 10
8 11
10 12
8 13
6 14
8 15
8 16
4 17
13 18
7 19
18 20
10 21
5 22
21 23
10 24
4 25
19 26
21 27
12 28
24 29
10 30
2 31
7 32
29 33
17 34
19 35
11 36
33 37
15 38
22 39
20 40
22 41
17 42
10 43
24 44
22 45
6 46
26 47
8 48
37 49
43 50
34 51
48 52
12 53
41 54
6 55
25 56
37 57
10 58
30 59
42 60
57 61
56 62
42 63
51 64
26 65
61 66
38 67
44 68
6 69
41 70
41 71
21 72
72 73
33 74
36 75
41 76
45 77
25 78
60 79
46 80
25 81
57 82
31 83
43 84
55 85
48 86
74 87
70 88
14 89
22 90
73 91
56 92
14 93
35 94
44 95
52 96
92 97
4 98
82 99
77 100
82 101
25 102
56 103
11 104
33 105
98 106
64 107
79 108
104 109
109 110
99 111
68 112
74 113
49 114
60 115
17 116
5 117
76 118
98 119
39 120
111 121
72 122
17 123
32 124
40 125
93 126
46 127
3 128
107 129
48 130
36 131
47 132
73 133
12 134
70 135
56 136
17 137
43 138
105 139
32 140
79 141
127 142
125 143
61 144
32 145
48 146
142 147
117 148
117 149
32 150
8 151
86 152
61 153
105 154
71 155
106 156
25 157
52 158
45 159
124 160
43 161
150 162
109 163
80 164
10 165
86 166
23 167
161 168
165 169
157 170
44 171
104 172
66 173
131 174
27 175
63 176
154 177
120 178
119 179
56 180
88 181
140 182
167 183
12 184
165 185
173 186
55 187
134 188
7 189
187 190
181 191
106 192
30 193
38 194
15 195
104 196
175 197
102 198
151 199
131 200
1 201
157 202
8 203
123 204
113 205
159 206
17 207
195 208
8 209
152 210
83 211
63 212
79 213
42 214
146 215
85 216
153 217
208 218
202 219
165 220
185 221
121 222
70 223
187 224
159 225
163 226
123 227
30 228
214 229
201 230
173 231
31 232
46 233
89 234
113 235
25 236
34 237
56 238
109 239
45 240
74 241
186 242
115 243
3 244
241 245
37 246
131 247
130 248
138 249
145 250
230 251
74 252
31 253
86 254
140 255
235 256
116 257
18 258
9 259
101 260
191 261
70 262
180 263
132 264
242 265
245 266
57 267
242 268
67 269
264 270
195 271
84 272
190 273
120 274
269 275
38 276
151 277
29 278
141 279
15 280
63 281
12 282
198 283
92 284
247 285
210 286
127 287
42 288
18 289
276 290
5 291
56 292
283 293
215 294
257 295
112 296
164 297
52 298
272 299
31 300
142 301
296 302
4 303
185 304
176 305
61 306
201 307
172 308
65 309
17 310
26 311
196 312
3 313
193 314
252 315
251 316
107 317
88 318
34 319
306 320
12 321
35 322
123 323
17 324
313 325
92 326
10 327
286 328
100 329
18 330
107 331
239 332
58 333
221 334
4 335
69 336
61 337
297 338
137 339
254 340
110 341
33 342
81 343
278 344
304 345
188 346
95 347
69 348
226 349
73 350
51 351
13 352
119 353
343 354
237 355
151 356
316 357
150 358
241 359
268 360
193 361
235 362
124 363
26 364
31 365
315 366
290 367
73 368
197 369
55 370
209 371
213 372
240 373
316 374
66 375
162 376
285 377
371 378
378 379
176 380
181 381
184 382
154 383
310 384
322 385
34 386
111 387
368 388
374 389
287 390
11 391
266 392
173 393
213 394
231 395
302 396
303 397
205 398
307 399
120 400
152 401
362 402
87 403
345 404
330 405
242 406
261 407
18 408
122 409
135 410
110 411
341 412
394 413
145 414
347 415
189 416
17 417
320 418
141 419
106 420
362 421
174 422
266 423
333 424
172 425
71 426
384 427
245 428
218 429
129 430
362 431
51 432
269 433
416 434
209 435
54 436
356 437
281 438
152 439
330 440
440 441
82 442
53 443
265 444
10 445
234 446
5 447
235 448
184 449
449 450
366 451
190 452
282 453
344 454
351 455
184 456
169 457
229 458
386 459
174 460
232 461
461 462
168 463
414 464
358 465
260 466
205 467
224 468
308 469
20 470
138 471
206 472
307 473
399 474
239 475
59 476
60 477
120 478
65 479
209 480
288 481
14 482
359 483
34 484
255 485
185 486
215 487
39 488
174 489
151 490
196 491
366 492
270 493
240 494
308 495
415 496
180 497
13 498
339 499
88 500
159 501
177 502
196 503
63 504
89 505
57 506
15 507
120 508
256 509
10 510
140 511
221 512
348 513
271 514
177 515
462 516
86 517
392 518
441 519
51 520
170 521
499 522
30 523
460 524
206 525
475 526
173 527
248 528
90 529
262 530
306 531
89 532
226 533
2 534
531 535
422 536
193 537
24 538
533 539
450 540
185 541
279 542
193 543
536 544
249 545
509 546
96 547
131 548
190 549
508 550
25 551
242 552
418 553
509 554
100 555
359 556
96 557
252 558
264 559
23 560
485 561
218 562
382 563
63 564
213 565
425 566
146 567
521 568
197 569
428 570
61 571
308 572
404 573
221 574
306 575
544 576
492 577
423 578
135 579
241 580
93 581
409 582
480 583
324 584
202 585
529 586
537 587
128 588
289 589
445 590
210 591
278 592
252 593
276 594
166 595
59 596
461 597
420 598
263 599
373 600
564 601
74 602
453 603
282 604
310 605
46 606
117 607
585 608
391 609
486 610
474 611
429 612
541 613
314 614
560 615
452 616
22 617
421 618
581 619
57 620
140 621
112 622
67 623
46 624
216 625
178 626
365 627
327 628
424 629
42 630
311 631
414 632
515 633
390 634
522 635
81 636
80 637
82 638
477 639
5 640
315 641
423 642
135 643
114 644
263 645
522 646
352 647
142 648
195 649
280 650
460 651
530 652
178 653
173 654
93 655
515 656
335 657
223 658
492 659
198 660
433 661
441 662
162 663
570 664
179 665
463 666
44 667
435 668
133 669
536 670
449 671
646 672
414 673
439 674
556 675
657 676
588 677
337 678
585 679
295 680
26 681
171 682
229 683
361 684
269 685
412 686
10 687
2 688
652 689
89 690
151 691
434 692
379 693
193 694
637 695
130 696
465 697
395 698
384 699
341 700
616 701
456 702
541 703
91 704
83 705
465 706
618 707
245 708
594 709
542 710
166 711
67 712
433 713
69 714
220 715
32 716
522 717
106 718
246 719
366 720
357 721
510 722
59 723
406 724
706 725
258 726
675 727
701 728
661 729
184 730
360 731
334 732
557 733
11 734
629 735
433 736
258 737
474 738
119 739
116 740
356 741
34 742
30 743
306 744
616 745
34 746
353 747
589 748
236 749
731 750
486 751
574 752
531 753
83 754
24 755
704 756
127 757
747 758
174 759
679 760
472 761
58 762
70 763
396 764
734 765
368 766
342 767
255 768
590 769
742 770
315 771
86 772
643 773
291 774
228 775
364 776
534 777
500 778
717 779
591 780
297 781
770 782
238 783
582 784
546 785
469 786
461 787
758 788
516 789
526 790
62 791
192 792
86 793
27 794
754 795
61 796
315 797
411 798
658 799
177 800
165 801
482 802
527 803
643 804
176 805
617 806
773 807
624 808
452 809
738 810
233 811
469 812
751 813
443 814
116 815
735 816
347 817
527 818
154 819
611 820
808 821
669 822
371 823
292 824
439 825
320 826
434 827
826 828
368 829
550 830
606 831
133 832
818 833
445 834
538 835
176 836
224 837
125 838
650 839
220 840
793 841
555 842
199 843
622 844
128 845
52 846
844 847
457 848
557 849
154 850
751 851
107 852
610 853
121 854
416 855
409 856
672 857
761 858
652 859
283 860
844 861
504 862
430 863
203 864
149 865
318 866
534 867
452 868
821 869
112 870
315 871
231 872
348 873
236 874
267 875
169 876
136 877
102 878
92 879
50 880
8 881
88 882
43 883
29 884
194 885
829 886
111 887
816 888
614 889
193 890
745 891
181 892
227 893
207 894
233 895
699 896
615 897
531 898
462 899
508 900
822 901
94 902
701 903
86 904
411 905
326 906
605 907
847 908
476 909
582 910
556 911
168 912
763 913
484 914
577 915
325 916
618 917
808 918
95 919
747 920
770 921
32 922
900 923
141 924
508 925
860 926
195 927
800 928
805 929
406 930
148 931
19 932
770 933
736 934
81 935
829 936
286 937
448 938
788 939
926 940
868 941
582 942
914 943
805 944
26 945
603 946
165 947
481 948
522 949
2 950
827 951
931 952
755 953
34 954
180 955
366 956
843 957
545 958
318 959
216 960
126 961
805 962
942 963
242 964
166 965
906 966
735 967
304 968
779 969
594 970
412 971
293 972
907 973
151 974
589 975
584 976
134 977
826 978
148 979
750 980
244 981
60 982
600 983
593 984
187 985
202 986
820 987
535 988
628 989
692 990
204 991
622 992
572 993
107 994
368 995
415 996
234 997
324 998
521 999
27 1000
166 1001
477 1002
905 1003
937 1004
198 1005
689 1006
614 1007
157 1008
529 1009
172 1010
48 1011
205 1012
273 1013
242 1014
166 1015
476 1016
685 1017
960 1018
265 1019
364 1020
836 1021
388 1022
201 1023
843 1024
493 1025
537 1026
475 1027
600 1028
729 1029
883 1030
913 1031
47 1032
791 1033
462 1034
803 1035
563 1036
260 1037
269 1038
178 1039
680 1040
448 1041
353 1042
559 1043
786 1044
118 1045
776 1046
67 1047
582 1048
906 1049
99 1050
495 1051
201 1052
240 1053
768 1054
972 1055
95 1056
1028 1057
346 1058
815 1059
854 1060
420 1061
189 1062
671 1063
770 1064
110 1065
701 1066
236 1067
252 1068
294 1069
426 1070
690 1071
438 1072
462 1073
853 1074
398 1075
255 1076
210 1077
326 1078
907 1079
421 1080
199 1081
693 1082
960 1083
518 1084
641 1085
37 1086
591 1087
884 1088
119 1089
10 1090
212 1091
555 1092
413 1093
971 1094
210 1095
410 1096
275 1097
1048 1098
986 1099
414 1100
260 1101
74 1102
727 1103
393 1104
1090 1105
72 1106
488 1107
255 1108
114 1109
549 1110
291 1111
626 1112
894 1113
917 1114
694 1115
650 1116
973 1117
684 1118
416 1119
1019 1120
752 1121
738 1122
413 1123
102 1124
1094 1125
926 1126
592 1127
1061 1128
519 1129
444 1130
11 1131
990 1132
897 1133
342 1134
743 1135
955 1136
98 1137
1116 1138
309 1139
1014 1140
383 1141
788 1142
582 1143
815 1144
709 1145
343 1146
130 1147
85 1148
408 1149
609 1150
121 1151
1135 1152
1033 1153
551 1154
946 1155
594 1156
416 1157
226 1158
41 1159
1049 1160
1027 1161
416 1162
992 1163
1001 1164
498 1165
391 1166
1137 1167
981 1168
346 1169
515 1170
213 1171
1016 1172
537 1173
49 1174
837 1175
405 1176
65 1177
953 1178
1042 1179
1174 1180
1030 1181
1140 1182
688 1183
311 1184
391 1185
508 1186
728 1187
1105 1188
442 1189
965 1190
1166 1191
566 1192
579 1193
857 1194
934 1195
214 1196
870 1197
624 1198
438 1199
64 1200
511 1201
81 1202
571 1203
148 1204
1111 1205
928 1206
951 1207
2 1208
390 1209
600 1210
338 1211
349 1212
369 1213
672 1214
563 1215
510 1216
981 1217
1130 1218
277 1219
499 1220
231 1221
302 1222
768 1223
135 1224
240 1225
182 1226
214 1227
291 1228
1208 1229
864 1230
608 1231
659 1232
1154 1233
856 1234
462 1235
250 1236
273 1237
690 1238
1021 1239
1005 1240
590 1241
100 1242
806 1243
390 1244
1102 1245
975 1246
283 1247
26 1248
763 1249
12 1250
918 1251
587 1252
23 1253
9 1254
599 1255
1203 1256
716 1257
1036 1258
397 1259
853 1260
396 1261
594 1262
1027 1263
527 1264
3 1265
640 1266
1091 1267
345 1268
1014 1269
476 1270
1030 1271
505 1272
800 1273
1212 1274
630 1275
6 1276
563 1277
982 1278
488 1279
1222 1280
314 1281
944 1282
564 1283
834 1284
365 1285
166 1286
2 1287
798 1288
994 1289
1049 1290
1213 1291
756 1292
250 1293
929 1294
1094 1295
73 1296
1064 1297
827 1298
219 1299
749 1300
470 1301
159 1302
491 1303
1039 1304
423 1305
1119 1306
588 1307
824 1308
83 1309
392 1310
879 1311
408 1312
772 1313
5 1314
1061 1315
1006 1316
163 1317
1172 1318
814 1319
1304 1320
773 1321
796 1322
897 1323
46 1324
244 1325
264 1326
596 1327
548 1328
198 1329
46 1330
1249 1331
176 1332
274 1333
1050 1334
399 1335
702 1336
415 1337
720 1338
507 1339
783 1340
85 1341
1134 1342
448 1343
1063 1344
1041 1345
887 1346
298 1347
427 1348
1270 1349
1121 1350
8 1351
994 1352
199 1353
517 1354
552 1355
189 1356
1258 1357
558 1358
1155 1359
169 1360
1116 1361
480 1362
788 1363
981 1364
851 1365
868 1366
97 1367
1006 1368
68 1369
841 1370
588 1371
454 1372
496 1373
1233 1374
366 1375
1280 1376
69 1377
1356 1378
1355 1379
485 1380
828 1381
1177 1382
1372 1383
713 1384
523 1385
589 1386
798 1387
637 1388
1162 1389
1381 1390
121 1391
1371 1392
613 1393
293 1394
434 1395
169 1396
238 1397
999 1398
395 1399
1333 1400
1000 1401
825 1402
430 1403
411 1404
242 1405
597 1406
1302 1407
1351 1408
816 1409
1172 1410
346 1411
1261 1412
203 1413
826 1414
620 1415
174 1416
696 1417
1033 1418
103 1419
486 1420
283 1421
1344 1422
732 1423
108 1424
548 1425
1272 1426
228 1427
1390 1428
857 1429
1229 1430
252 1431
197 1432
602 1433
151 1434
862 1435
102 1436
1190 1437
1048 1438
1230 1439
453 1440
274 1441
864 1442
836 1443
964 1444
1135 1445
284 1446
1442 1447
1001 1448
160 1449
990 1450
866 1451
1376 1452
1217 1453
885 1454
1386 1455
143 1456
267 1457
152 1458
620 1459
1289 1460
617 1461
592 1462
245 1463
517 1464
861 1465
443 1466
29 1467
281 1468
1232 1469
102 1470
1054 1471
1 1472
345 1473
1082 1474
493 1475
1313 1476
1358 1477
444 1478
818 1479
1329 1480
589 1481
330 1482
39 1483
753 1484
903 1485
379 1486
420 1487
1384 1488
1166 1489
1488 1490
248 1491
708 1492
1237 1493
852 1494
52 1495
1076 1496
324 1497
541 1498
1392 1499
1314 1500
652 1501
143 1502
359 1503
1101 1504
680 1505
558 1506
49 1507
41 1508
340 1509
41 1510
1050 1511
471 1512
1250 1513
431 1514
258 1515
1429 1516
538 1517
857 1518
646 1519
1154 1520
1253 1521
652 1522
575 1523
1250 1524
817 1525
414 1526
941 1527
658 1528
1214 1529
885 1530
705 1531
147 1532
1061 1533
1520 1534
1316 1535
631 1536
4 1537
315 1538
206 1539
394 1540
464 1541
171 1542
1304 1543
1301 1544
1046 1545
1341 1546
690 1547
581 1548
996 1549
1182 1550
389 1551
897 1552
99 1553
169 1554
1123 1555
143 1556
1411 1557
1335 1558
333 1559
1106 1560
87 1561
888 1562
446 1563
1070 1564
904 1565
535 1566
1252 1567
1249 1568
838 1569
1521 1570
898 1571
266 1572
420 1573
1151 1574
1516 1575
1108 1576
787 1577
1222 1578
1334 1579
688 1580
653 1581
546 1582
366 1583
861 1584
1523 1585
566 1586
104 1587
129 1588
1071 1589
1538 1590
1148 1591
705 1592
255 1593
926 1594
526 1595
1228 1596
1139 1597
721 1598
513 1599
1348 1600
903 1601
325 1602
1279 1603
140 1604
277 1605
458 1606
634 1607
120 1608
23 1609
601 1610
661 1611
1266 1612
1380 1613
1061 1614
81 1615
957 1616
1584 1617
84 1618
1566 1619
259 1620
669 1621
466 1622
383 1623
944 1624
481 1625
659 1626
632 1627
256 1628
1363 1629
5 1630
510 1631
295 1632
240 1633
1540 1634
435 1635
883 1636
854 1637
1198 1638
18 1639
858 1640
1412 1641
1200 1642
812 1643
1539 1644
526 1645
1318 1646
1224 1647
404 1648
145 1649
28 1650
331 1651
1638 1652
228 1653
26 1654
248 1655
800 1656
558 1657
1601 1658
238 1659
233 1660
96 1661
489 1662
174 1663
752 1664
1183 1665
806 1666
884 1667
2 1668
1020 1669
266 1670
621 1671
480 1672
1461 1673
164 1674
679 1675
1169 1676
985 1677
373 1678
1596 1679
1601 1680
1215 1681
1083 1682
593 1683
311 1684
666 1685
1371 1686
201 1687
1636 1688
974 1689
858 1690
1461 1691
270 1692
346 1693
595 1694
1633 1695
816 1696
1161 1697
668 1698
311 1699
902 1700
1433 1701
601 1702
1108 1703
793 1704
575 1705
1627 1706
1514 1707
232 1708
447 1709
176 1710
734 1711
1082 1712
110 1713
1182 1714
1714 1715
173 1716
1094 1717
1676 1718
1295 1719
191 1720
289 1721
26 1722
1170 1723
269 1724
744 1725
391 1726
1484 1727
1484 1728
320 1729
553 1730
842 1731
331 1732
227 1733
949 1734
1578 1735
636 1736
301 1737
212 1738
1245 1739
1268 1740
756 1741
838 1742
1256 1743
1667 1744
1079 1745
1533 1746
1008 1747
141 1748
1667 1749
810 1750
559 1751
1433 1752
1140 1753
538 1754
774 1755
1432 1756
323 1757
1283 1758
912 1759
231 1760
1083 1761
254 1762
530 1763
838 1764
1420 1765
350 1766
725 1767
1320 1768
328 1769
808 1770
848 1771
975 1772
263 1773
973 1774
641 1775
1682 1776
1376 1777
1293 1778
428 1779
273 1780
1404 1781
1675 1782
211 1783
1418 1784
437 1785
434 1786
250 1787
746 1788
1583 1789
1670 1790
230 1791
1412 1792
1499 1793
363 1794
1006 1795
197 1796
39 1797
876 1798
902 1799
785 1800
128 1801
1796 1802
1613 1803
1569 1804
1000 1805
1090 1806
1102 1807
668 1808
1641 1809
543 1810
162 1811
767 1812
762 1813
614 1814
939 1815
1722 1816
1523 1817
1118 1818
1730 1819
601 1820
538 1821
138 1822
218 1823
1178 1824
1762 1825
1080 1826
1337 1827
1698 1828
434 1829
1681 1830
267 1831
978 1832
661 1833
1784 1834
945 1835
1621 1836
1530 1837
1437 1838
1140 1839
101 1840
1282 1841
998 1842
410 1843
356 1844
464 1845
689 1846
1198 1847
972 1848
1143 1849
203 1850
1567 1851
1601 1852
721 1853
51 1854
1205 1855
106 1856
275 1857
1372 1858
101 1859
627 1860
567 1861
1378 1862
1128 1863
739 1864
1711 1865
732 1866
454 1867
1311 1868
1006 1869
1459 1870
560 1871
257 1872
522 1873
754 1874
778 1875
1455 1876
732 1877
1491 1878
440 1879
817 1880
426 1881
459 1882
150 1883
1237 1884
1421 1885
1174 1886
1294 1887
125 1888
528 1889
175 1890
335 1891
1552 1892
1852 1893
109 1894
1620 1895
574 1896
85 1897
630 1898
214 1899
772 1900
1331 1901
258 1902
1693 1903
340 1904
1603 1905
125 1906
1301 1907
1287 1908
1904 1909
1629 1910
371 1911
1681 1912
192 1913
1296 1914
459 1915
1504 1916
483 1917
1669 1918
652 1919
394 1920
1491 1921
57 1922
1074 1923
1482 1924
1456 1925
1024 1926
48 1927
1577 1928
1354 1929
463 1930
1338 1931
1910 1932
240 1933
1826 1934
1421 1935
593 1936
1928 1937
1046 1938
1741 1939
1518 1940
1137 1941
791 1942
802 1943
183 1944
36 1945
1206 1946
1752 1947
369 1948
480 1949
1285 1950
225 1951
317 1952
1049 1953
379 1954
1577 1955
644 1956
278 1957
1751 1958
1678 1959
1925 1960
347 1961
1662 1962
524 1963
29 1964
1901 1965
691 1966
880 1967
356 1968
450 1969
712 1970
995 1971
287 1972
1171 1973
1342 1974
1610 1975
79 1976
1664 1977
436 1978
1561 1979
110 1980
1410 1981
10 1982
810 1983
696 1984
1498 1985
1645 1986
947 1987
1525 1988
1414 1989
1947 1990
361 1991
600 1992
812 1993
1274 1994
1027 1995
24 1996
1333 1997
511 1998
1666 1999
1935 2000
978 2001
1072 2002
286 2003
1088 2004
968 2005
672 2006
1408 2007
1298 2008
1793 2009
1444 2010
110 2011
1409 2012
1080 2013
1867 2014
1769 2015
1384 2016
802 2017
1032 2018
495 2019
211 2020
1816 2021
106 2022
815 2023
396 2024
928 2025
1464 2026
155 2027
1505 2028
1364 2029
1894 2030
2016 2031
99 2032
1088 2033
1354 2034
1490 2035
164 2036
228 2037
1452 2038
903 2039
1231 2040
1575 2041
222 2042
160 2043
324 2044
1108 2045
1428 2046
1351 2047
623 2048
1841 2049
129 2050
399 2051
1880 2052
208 2053
1506 2054
1115 2055
197 2056
1920 2057
875 2058
664 2059
1306 2060
43 2061
629 2062
1878 2063
1903 2064
1206 2065
1070 2066
1322 2067
471 2068
1780 2069
1350 2070
1157 2071
266 2072
1392 2073
1804 2074
984 2075
492 2076
1708 2077
1864 2078
919 2079
511 2080
1770 2081
1959 2082
950 2083
303 2084
2031 2085
94 2086
1355 2087
424 2088
1812 2089
1989 2090
942 2091
1994 2092
1930 2093
1380 2094
222 2095
1057 2096
1717 2097
1138 2098
140 2099
1812 2100
362 2101
1554 2102
1374 2103
123 2104
1864 2105
952 2106
1517 2107
1165 2108
1953 2109
821 2110
564 2111
1516 2112
1656 2113
1316 2114
375 2115
322 2116
150 2117
103 2118
409 2119
249 2120
799 2121
1761 2122
1619 2123
1588 2124
1864 2125
1598 2126
1263 2127
1866 2128
1426 2129
1081 2130
1936 2131
656 2132
1405 2133
870 2134
1339 2135
1624 2136
1188 2137
455 2138
1414 2139
642 2140
1906 2141
84 2142
882 2143
1258 2144
2032 2145
179 2146
534 2147
494 2148
426 2149
1922 2150
417 2151
266 2152
163 2153
1176 2154
2055 2155
1744 2156
34 2157
810 2158
902 2159
1476 2160
395 2161
703 2162
441 2163
1075 2164
439 2165
1882 2166
1263 2167
396 2168
1792 2169
1540 2170
178 2171
2024 2172
1628 2173
844 2174
411 2175
455 2176
1192 2177
1838 2178
815 2179
155 2180
151 2181
1643 2182
137 2183
1430 2184
2082 2185
1678 2186
1270 2187
1355 2188
905 2189
2011 2190
645 2191
1380 2192
1611 2193
2107 2194
1061 2195
48 2196
1829 2197
864 2198
1481 2199
89 2200
613 2201
892 2202
1782 2203
1000 2204
1830 2205
1390 2206
1696 2207
1926 2208
1602 2209
309 2210
1582 2211
1701 2212
1288 2213
640 2214
1011 2215
1904 2216
809 2217
159 2218
1014 2219
1779 2220
182 2221
1096 2222
1083 2223
2154 2224
851 2225
132 2226
549 2227
933 2228
959 2229
1792 2230
1608 2231
232 2232
1256 2233
1596 2234
153 2235
1921 2236
2115 2237
125 2238
1046 2239
2027 2240
2179 2241
1991 2242
1808 2243
642 2244
1313 2245
1890 2246
1759 2247
1050 2248
1336 2249
1323 2250
1333 2251
1884 2252
507 2253
2171 2254
848 2255
280 2256
595 2257
951 2258
1260 2259
1906 2260
116 2261
562 2262
2064 2263
311 2264
2018 2265
769 2266
1005 2267
924 2268
1494 2269
1718 2270
215 2271
615 2272
801 2273
2021 2274
1028 2275
2001 2276
1469 2277
669 2278
1869 2279
2067 2280
1971 2281
489 2282
104 2283
622 2284
1350 2285
525 2286
1637 2287
434 2288
1391 2289
453 2290
217 2291
2024 2292
51 2293
1805 2294
1637 2295
371 2296
1150 2297
1137 2298
426 2299
2271 2300
2173 2301
1106 2302
1981 2303
455 2304
50 2305
1610 2306
2080 2307
614 2308
1820 2309
485 2310
441 2311
2045 2312
1921 2313
911 2314
1897 2315
1039 2316
2185 2317
1861 2318
538 2319
1800 2320
1850 2321
2079 2322
2137 2323
1791 2324
2317 2325
28 2326
1927 2327
60 2328
2176 2329
153 2330
2010 2331
462 2332
69 2333
646 2334
213 2335
232 2336
20 2337
1100 2338
1656 2339
1140 2340
1403 2341
1546 2342
1132 2343
416 2344
308 2345
698 2346
1844 2347
1909 2348
836 2349
1438 2350
2242 2351
434 2352
1928 2353
631 2354
583 2355
1792 2356
1372 2357
1288 2358
1328 2359
410 2360
1924 2361
1372 2362
1607 2363
1558 2364
463 2365
2091 2366
849 2367
1770 2368
1439 2369
1918 2370
105 2371
790 2372
1215 2373
286 2374
2131 2375
2053 2376
1951 2377
1763 2378
56 2379
1801 2380
2354 2381
1955 2382
2371 2383
424 2384
1505 2385
1194 2386
2131 2387
835 2388
1545 2389
1427 2390
155 2391
418 2392
657 2393
180 2394
1046 2395
487 2396
453 2397
1757 2398
2022 2399
527 2400
501 2401
2302 2402
131 2403
968 2404
2394 2405
2402 2406
400 2407
242 2408
1617 2409
130 2410
1462 2411
1171 2412
576 2413
1373 2414
545 2415
1758 2416
1623 2417
582 2418
1010 2419
1149 2420
462 2421
1358 2422
239 2423
1243 2424
660 2425
694 2426
1669 2427
393 2428
1532 2429
584 2430
1272 2431
2078 2432
593 2433
25 2434
289 2435
1177 2436
727 2437
1288 2438
1260 2439
1010 2440
1266 2441
462 2442
1015 2443
2149 2444
728 2445
2334 2446
306 2447
665 2448
2055 2449
2446 2450
2152 2451
2319 2452
663 2453
1006 2454
1253 2455
992 2456
537 2457
794 2458
1355 2459
1180 2460
226 2461
1158 2462
1868 2463
429 2464
173 2465
1947 2466
1910 2467
563 2468
332 2469
2238 2470
1278 2471
1881 2472
291 2473
1792 2474
1718 2475
971 2476
2066 2477
1608 2478
230 2479
2346 2480
2177 2481
2021 2482
81 2483
238 2484
1384 2485
130 2486
435 2487
447 2488
1932 2489
2460 2490
1129 2491
258 2492
743 2493
1942 2494
188 2495
1861 2496
1433 2497
567 2498
967 2499
942 2500
154 2501
763 2502
1687 2503
449 2504
1505 2505
177 2506
2372 2507
2069 2508
1707 2509
437 2510
192 2511
826 2512
619 2513
1230 2514
225 2515
2036 2516
2091 2517
236 2518
228 2519
2487 2520
326 2521
2080 2522
2476 2523
127 2524
1466 2525
436 2526
707 2527
246 2528
2392 2529
639 2530
2260 2531
729 2532
648 2533
2187 2534
2270 2535
641 2536
1953 2537
2510 2538
791 2539
2222 2540
2431 2541
1175 2542
1693 2543
1019 2544
1062 2545
1412 2546
1987 2547
2037 2548
2109 2549
2437 2550
540 2551
1575 2552
857 2553
1749 2554
2062 2555
1437 2556
365 2557
1151 2558
1986 2559
2461 2560
1373 2561
959 2562
1283 2563
2115 2564
1847 2565
1341 2566
548 2567
2537 2568
1974 2569
1060 2570
2392 2571
1213 2572
1581 2573
2202 2574
506 2575
226 2576
1631 2577
313 2578
1633 2579
410 2580
2020 2581
1186 2582
252 2583
334 2584
114 2585
418 2586
2306 2587
408 2588
1908 2589
1282 2590
2529 2591
1248 2592
1123 2593
176 2594
81 2595
1668 2596
1694 2597
1993 2598
1550 2599
1318 2600
1049 2601
726 2602
611 2603
695 2604
2313 2605
2232 2606
1376 2607
1177 2608
2278 2609
769 2610
1452 2611
1106 2612
1693 2613
1888 2614
679 2615
401 2616
1962 2617
339 2618
1863 2619
938 2620
1214 2621
2458 2622
1190 2623
1057 2624
542 2625
1401 2626
1029 2627
1270 2628
926 2629
1804 2630
2037 2631
130 2632
830 2633
1505 2634
2483 2635
1001 2636
2318 2637
573 2638
177 2639
1173 2640
1642 2641
761 2642
1417 2643
1124 2644
2393 2645
2493 2646
1270 2647
2009 2648
935 2649
1140 2650
746 2651
722 2652
2413 2653
2075 2654
1123 2655
239 2656
751 2657
1010 2658
1236 2659
1673 2660
864 2661
1851 2662
2488 2663
1558 2664
1738 2665
1187 2666
61 2667
1946 2668
714 2669
766 2670
1215 2671
1549 2672
550 2673
641 2674
2448 2675
2490 2676
621 2677
1766 2678
1552 2679
1084 2680
62 2681
1623 2682
1778 2683
1605 2684
2523 2685
1305 2686
451 2687
1262 2688
2229 2689
609 2690
1914 2691
2624 2692
84 2693
768 2694
2264 2695
957 2696
1619 2697
111 2698
1508 2699
12 2700
1423 2701
248 2702
287 2703
1607 2704
1267 2705
1720 2706
1186 2707
651 2708
2460 2709
1531 2710
2266 2711
1160 2712
2251 2713
1518 2714
2197 2715
1080 2716
777 2717
2110 2718
1244 2719
1462 2720
1505 2721
2667 2722
2333 2723
2369 2724
267 2725
1963 2726
27 2727
2434 2728
2379 2729
2534 2730
167 2731
2707 2732
1597 2733
548 2734
510 2735
2401 2736
78 2737
727 2738
822 2739
2360 2740
2332 2741
2535 2742
2047 2743
1345 2744
2117 2745
1138 2746
144 2747
682 2748
1938 2749
1342 2750
1386 2751
217 2752
714 2753
2059 2754
2069 2755
2611 2756
2252 2757
2499 2758
2352 2759
2697 2760
1812 2761
1522 2762
2409 2763
1604 2764
437 2765
88 2766
506 2767
1271 2768
1555 2769
76 2770
2738 2771
2320 2772
312 2773
2308 2774
155 2775
1275 2776
1379 2777
1234 2778
312 2779
71 2780
2523 2781
1098 2782
1782 2783
1378 2784
1050 2785
2115 2786
2171 2787
908 2788
2358 2789
2044 2790
1018 2791
1908 2792
723 2793
1907 2794
2660 2795
2067 2796
1624 2797
166 2798
256 2799
2168 2800
766 2801
2405 2802
810 2803
1300 2804
813 2805
1158 2806
2510 2807
84 2808
454 2809
1881 2810
1730 2811
1998 2812
2322 2813
585 2814
617 2815
830 2816
15 2817
1922 2818
1857 2819
45 2820
2440 2821
2014 2822
1460 2823
1331 2824
1461 2825
1368 2826
653 2827
1554 2828
958 2829
1983 2830
474 2831
2447 2832
791 2833
344 2834
2669 2835
759 2836
677 2837
1248 2838
1396 2839
2104 2840
2171 2841
2299 2842
797 2843
1977 2844
57 2845
818 2846
1325 2847
1218 2848
873 2849
1214 2850
1645 2851
1148 2852
1473 2853
1652 2854
497 2855
696 2856
2407 2857
1952 2858
100 2859
2839 2860
2832 2861
2183 2862
622 2863
1247 2864
1814 2865
2484 2866
1667 2867
1147 2868
173 2869
328 2870
2800 2871
2009 2872
969 2873
1315 2874
336 2875
1626 2876
2413 2877
1256 2878
2571 2879
71 2880
205 2881
1262 2882
2742 2883
90 2884
1914 2885
819 2886
260 2887
2391 2888
2017 2889
1644 2890
2451 2891
2202 2892
458 2893
2650 2894
2347 2895
3 2896
1264 2897
813 2898
532 2899
2714 2900
2662 2901
836 2902
1876 2903
2096 2904
1582 2905
2880 2906
870 2907
2686 2908
1605 2909
1263 2910
1614 2911
743 2912
1632 2913
2202 2914
229 2915
2676 2916
2536 2917
272 2918
738 2919
2682 2920
1128 2921
2371 2922
2712 2923
2753 2924
1733 2925
849 2926
973 2927
2122 2928
523 2929
45 2930
2625 2931
176 2932
224 2933
2685 2934
2645 2935
1032 2936
445 2937
453 2938
591 2939
1817 2940
163 2941
21 2942
1772 2943
1197 2944
1807 2945
2340 2946
1402 2947
1625 2948
115 2949
957 2950
242 2951
525 2952
2896 2953
171 2954
1906 2955
1827 2956
1579 2957
2626 2958
2172 2959
2314 2960
1075 2961
2380 2962
982 2963
2383 2964
2792 2965
2528 2966
2523 2967
1381 2968
2519 2969
1898 2970
693 2971
1492 2972
2126 2973
1444 2974
2641 2975
477 2976
1953 2977
134 2978
2101 2979
1721 2980
1064 2981
2522 2982
2514 2983
886 2984
720 2985
657 2986
695 2987
2894 2988
2962 2989
1153 2990
65 2991
1450 2992
284 2993
26 2994
2044 2995
977 2996
2513 2997
2543 2998
1569 2999
1127 3000
