1000
1 1 1
2 4 2
3 7 3
4 7 1
5 10 2
6 13 3
7 13 1
8 16 2
9 19 3
10 19 1
11 22 2
12 25 3
13 25 1
1 2 2
2 5 3
3 5 1
4 8 2
5 11 3
6 11 1
7 14 2
8 17 3
9 17 1
10 20 2
11 23 3
12 23 1
13 26 2
1 3 3
2 3 1
3 6 2
4 9 3
5 9 1
6 12 2
7 15 3
8 15 1
9 18 2
10 21 3
11 21 1
12 24 2
13 27 3
1 1 1
2 4 2
3 7 3
4 7 1
5 10 2
6 13 3
7 13 1
8 16 2
9 19 3
10 19 1
11 22 2
12 25 3
13 25 1
1 2 2
2 5 3
3 5 1
4 8 2
5 11 3
6 11 1
7 14 2
8 17 3
9 17 1
10 20 2
11 23 3
12 23 1
13 26 2
1 3 3
2 3 1
3 6 2
4 9 3
5 9 1
6 12 2
7 15 3
8 15 1
9 18 2
10 21 3
11 21 1
12 24 2
13 27 3
1 1 1
2 4 2
3 7 3
4 7 1
5 10 2
6 13 3
7 13 1
8 16 2
9 19 3
10 19 1
11 22 2
12 25 3
13 25 1
1 2 2
2 5 3
3 5 1
4 8 2
5 11 3
6 11 1
7 14 2
8 17 3
9 17 1
10 20 2
11 23 3
12 23 1
13 26 2
1 3 3
2 3 1
3 6 2
4 9 3
5 9 1
6 12 2
7 15 3
8 15 1
9 18 2
10 21 3
11 21 1
12 24 2
13 27 3
1 1 1
2 4 2
3 7 3
4 7 1
5 10 2
6 13 3
7 13 1
8 16 2
9 19 3
10 19 1
11 22 2
12 25 3
13 25 1
1 2 2
2 5 3
3 5 1
4 8 2
5 11 3
6 11 1
7 14 2
8 17 3
9 17 1
10 20 2
11 23 3
12 23 1
13 26 2
1 3 3
2 3 1
3 6 2
4 9 3
5 9 1
6 12 2
7 15 3
8 15 1
9 18 2
10 21 3
11 21 1
12 24 2
13 27 3
1 1 1
2 4 2
3 7 3
4 7 1
5 10 2
6 13 3
7 13 1
8 16 2
9 19 3
10 19 1
11 22 2
12 25 3
13 25 1
1 2 2
2 5 3
3 5 1
4 8 2
5 11 3
6 11 1
7 14 2
8 17 3
9 17 1
10 20 2
11 23 3
12 23 1
13 26 2
1 3 3
2 3 1
3 6 2
4 9 3
5 9 1
6 12 2
7 15 3
8 15 1
9 18 2
10 21 3
11 21 1
12 24 2
13 27 3
1 1 1
2 4 2
3 7 3
4 7 1
5 10 2
6 13 3
7 13 1
8 16 2
9 19 3
10 19 1
11 22 2
12 25 3
13 25 1
1 2 2
2 5 3
3 5 1
4 8 2
5 11 3
6 11 1
7 14 2
8 17 3
9 17 1
10 20 2
11 23 3
12 23 1
13 26 2
1 3 3
2 3 1
3 6 2
4 9 3
5 9 1
6 12 2
7 15 3
8 15 1
9 18 2
10 21 3
11 21 1
12 24 2
13 27 3
1 1 1
2 4 2
3 7 3
4 7 1
5 10 2
6 13 3
7 13 1
8 16 2
9 19 3
10 19 1
11 22 2
12 25 3
13 25 1
1 2 2
2 5 3
3 5 1
4 8 2
5 11 3
6 11 1
7 14 2
8 17 3
9 17 1
10 20 2
11 23 3
12 23 1
13 26 2
1 3 3
2 3 1
3 6 2
4 9 3
5 9 1
6 12 2
7 15 3
8 15 1
9 18 2
10 21 3
11 21 1
12 24 2
13 27 3
1 1 1
2 4 2
3 7 3
4 7 1
5 10 2
6 13 3
7 13 1
8 16 2
9 19 3
10 19 1
11 22 2
12 25 3
13 25 1
1 2 2
2 5 3
3 5 1
4 8 2
5 11 3
6 11 1
7 14 2
8 17 3
9 17 1
10 20 2
11 23 3
12 23 1
13 26 2
1 3 3
2 3 1
3 6 2
4 9 3
5 9 1
6 12 2
7 15 3
8 15 1
9 18 2
10 21 3
11 21 1
12 24 2
13 27 3
1 1 1
2 4 2
3 7 3
4 7 1
5 10 2
6 13 3
7 13 1
8 16 2
9 19 3
10 19 1
11 22 2
12 25 3
13 25 1
1 2 2
2 5 3
3 5 1
4 8 2
5 11 3
6 11 1
7 14 2
8 17 3
9 17 1
10 20 2
11 23 3
12 23 1
13 26 2
1 3 3
2 3 1
3 6 2
4 9 3
5 9 1
6 12 2
7 15 3
8 15 1
9 18 2
10 21 3
11 21 1
12 24 2
13 27 3
1 1 1
2 4 2
3 7 3
4 7 1
5 10 2
6 13 3
7 13 1
8 16 2
9 19 3
10 19 1
11 22 2
12 25 3
13 25 1
1 2 2
2 5 3
3 5 1
4 8 2
5 11 3
6 11 1
7 14 2
8 17 3
9 17 1
10 20 2
11 23 3
12 23 1
13 26 2
1 3 3
2 3 1
3 6 2
4 9 3
5 9 1
6 12 2
7 15 3
8 15 1
9 18 2
10 21 3
11 21 1
12 24 2
13 27 3
1 1 1
2 4 2
3 7 3
4 7 1
5 10 2
6 13 3
7 13 1
8 16 2
9 19 3
10 19 1
11 22 2
12 25 3
13 25 1
1 2 2
2 5 3
3 5 1
4 8 2
5 11 3
6 11 1
7 14 2
8 17 3
9 17 1
10 20 2
11 23 3
12 23 1
13 26 2
1 3 3
2 3 1
3 6 2
4 9 3
5 9 1
6 12 2
7 15 3
8 15 1
9 18 2
10 21 3
11 21 1
12 24 2
13 27 3
1 1 1
2 4 2
3 7 3
4 7 1
5 10 2
6 13 3
7 13 1
8 16 2
9 19 3
10 19 1
11 22 2
12 25 3
13 25 1
1 2 2
2 5 3
3 5 1
4 8 2
5 11 3
6 11 1
7 14 2
8 17 3
9 17 1
10 20 2
11 23 3
12 23 1
13 26 2
1 3 3
2 3 1
3 6 2
4 9 3
5 9 1
6 12 2
7 15 3
8 15 1
9 18 2
10 21 3
11 21 1
12 24 2
13 27 3
1 1 1
2 4 2
3 7 3
4 7 1
5 10 2
6 13 3
7 13 1
8 16 2
9 19 3
10 19 1
11 22 2
12 25 3
13 25 1
1 2 2
2 5 3
3 5 1
4 8 2
5 11 3
6 11 1
7 14 2
8 17 3
9 17 1
10 20 2
11 23 3
12 23 1
13 26 2
1 3 3
2 3 1
3 6 2
4 9 3
5 9 1
6 12 2
7 15 3
8 15 1
9 18 2
10 21 3
11 21 1
12 24 2
13 27 3
1 1 1
2 4 2
3 7 3
4 7 1
5 10 2
6 13 3
7 13 1
8 16 2
9 19 3
10 19 1
11 22 2
12 25 3
13 25 1
1 2 2
2 5 3
3 5 1
4 8 2
5 11 3
6 11 1
7 14 2
8 17 3
9 17 1
10 20 2
11 23 3
12 23 1
13 26 2
1 3 3
2 3 1
3 6 2
4 9 3
5 9 1
6 12 2
7 15 3
8 15 1
9 18 2
10 21 3
11 21 1
12 24 2
13 27 3
1 1 1
2 4 2
3 7 3
4 7 1
5 10 2
6 13 3
7 13 1
8 16 2
9 19 3
10 19 1
11 22 2
12 25 3
13 25 1
1 2 2
2 5 3
3 5 1
4 8 2
5 11 3
6 11 1
7 14 2
8 17 3
9 17 1
10 20 2
11 23 3
12 23 1
13 26 2
1 3 3
2 3 1
3 6 2
4 9 3
5 9 1
6 12 2
7 15 3
8 15 1
9 18 2
10 21 3
11 21 1
12 24 2
13 27 3
1 1 1
2 4 2
3 7 3
4 7 1
5 10 2
6 13 3
7 13 1
8 16 2
9 19 3
10 19 1
11 22 2
12 25 3
13 25 1
1 2 2
2 5 3
3 5 1
4 8 2
5 11 3
6 11 1
7 14 2
8 17 3
9 17 1
10 20 2
11 23 3
12 23 1
13 26 2
1 3 3
2 3 1
3 6 2
4 9 3
5 9 1
6 12 2
7 15 3
8 15 1
9 18 2
10 21 3
11 21 1
12 24 2
13 27 3
1 1 1
2 4 2
3 7 3
4 7 1
5 10 2
6 13 3
7 13 1
8 16 2
9 19 3
10 19 1
11 22 2
12 25 3
13 25 1
1 2 2
2 5 3
3 5 1
4 8 2
5 11 3
6 11 1
7 14 2
8 17 3
9 17 1
10 20 2
11 23 3
12 23 1
13 26 2
1 3 3
2 3 1
3 6 2
4 9 3
5 9 1
6 12 2
7 15 3
8 15 1
9 18 2
10 21 3
11 21 1
12 24 2
13 27 3
1 1 1
2 4 2
3 7 3
4 7 1
5 10 2
6 13 3
7 13 1
8 16 2
9 19 3
10 19 1
11 22 2
12 25 3
13 25 1
1 2 2
2 5 3
3 5 1
4 8 2
5 11 3
6 11 1
7 14 2
8 17 3
9 17 1
10 20 2
11 23 3
12 23 1
13 26 2
1 3 3
2 3 1
3 6 2
4 9 3
5 9 1
6 12 2
7 15 3
8 15 1
9 18 2
10 21 3
11 21 1
12 24 2
13 27 3
1 1 1
2 4 2
3 7 3
4 7 1
5 10 2
6 13 3
7 13 1
8 16 2
9 19 3
10 19 1
11 22 2
12 25 3
13 25 1
1 2 2
2 5 3
3 5 1
4 8 2
5 11 3
6 11 1
7 14 2
8 17 3
9 17 1
10 20 2
11 23 3
12 23 1
13 26 2
1 3 3
2 3 1
3 6 2
4 9 3
5 9 1
6 12 2
7 15 3
8 15 1
9 18 2
10 21 3
11 21 1
12 24 2
13 27 3
1 1 1
2 4 2
3 7 3
4 7 1
5 10 2
6 13 3
7 13 1
8 16 2
9 19 3
10 19 1
11 22 2
12 25 3
13 25 1
1 2 2
2 5 3
3 5 1
4 8 2
5 11 3
6 11 1
7 14 2
8 17 3
9 17 1
10 20 2
11 23 3
12 23 1
13 26 2
1 3 3
2 3 1
3 6 2
4 9 3
5 9 1
6 12 2
7 15 3
8 15 1
9 18 2
10 21 3
11 21 1
12 24 2
13 27 3
1 1 1
2 4 2
3 7 3
4 7 1
5 10 2
6 13 3
7 13 1
8 16 2
9 19 3
10 19 1
11 22 2
12 25 3
13 25 1
1 2 2
2 5 3
3 5 1
4 8 2
5 11 3
6 11 1
7 14 2
8 17 3
9 17 1
10 20 2
11 23 3
12 23 1
13 26 2
1 3 3
2 3 1
3 6 2
4 9 3
5 9 1
6 12 2
7 15 3
8 15 1
9 18 2
10 21 3
11 21 1
12 24 2
13 27 3
1 1 1
2 4 2
3 7 3
4 7 1
5 10 2
6 13 3
7 13 1
8 16 2
9 19 3
10 19 1
11 22 2
12 25 3
13 25 1
1 2 2
2 5 3
3 5 1
4 8 2
5 11 3
6 11 1
7 14 2
8 17 3
9 17 1
10 20 2
11 23 3
12 23 1
13 26 2
1 3 3
2 3 1
3 6 2
4 9 3
5 9 1
6 12 2
7 15 3
8 15 1
9 18 2
10 21 3
11 21 1
12 24 2
13 27 3
1 1 1
2 4 2
3 7 3
4 7 1
5 10 2
6 13 3
7 13 1
8 16 2
9 19 3
10 19 1
11 22 2
12 25 3
13 25 1
1 2 2
2 5 3
3 5 1
4 8 2
5 11 3
6 11 1
7 14 2
8 17 3
9 17 1
10 20 2
11 23 3
12 23 1
13 26 2
1 3 3
2 3 1
3 6 2
4 9 3
5 9 1
6 12 2
7 15 3
8 15 1
9 18 2
10 21 3
11 21 1
12 24 2
13 27 3
1 1 1
2 4 2
3 7 3
4 7 1
5 10 2
6 13 3
7 13 1
8 16 2
9 19 3
10 19 1
11 22 2
12 25 3
13 25 1
1 2 2
2 5 3
3 5 1
4 8 2
5 11 3
6 11 1
7 14 2
8 17 3
9 17 1
10 20 2
11 23 3
12 23 1
13 26 2
1 3 3
2 3 1
3 6 2
4 9 3
5 9 1
6 12 2
7 15 3
8 15 1
9 18 2
10 21 3
11 21 1
12 24 2
13 27 3
1 1 1
2 4 2
3 7 3
4 7 1
5 10 2
6 13 3
7 13 1
8 16 2
9 19 3
10 19 1
11 22 2
12 25 3
13 25 1
1 2 2
2 5 3
3 5 1
4 8 2
5 11 3
6 11 1
7 14 2
8 17 3
9 17 1
10 20 2
11 23 3
12 23 1
13 26 2
1 3 3
2 3 1
3 6 2
4 9 3
5 9 1
6 12 2
7 15 3
8 15 1
9 18 2
10 21 3
11 21 1
12 24 2
13 27 3
1 1 1
2 4 2
3 7 3
4 7 1
5 10 2
6 13 3
7 13 1
8 16 2
9 19 3
10 19 1
11 22 2
12 25 3
13 25 1
1 2 2
2 5 3
3 5 1
4 8 2
5 11 3
6 11 1
7 14 2
8 17 3
9 17 1
10 20 2
11 23 3
12 23 1
