300 400 200
50 60
250 350
29 225
225 50
38 271
27 15
173 202
96 2
94 265
209 311
81 300
86 276
0 63
177 153
183 146
128 321
152 337
129 213
237 350
213 304
70 141
239 259
97 20
291 383
165 170
10 247
174 336
17 378
267 267
88 211
135 144
112 236
192 228
263 38
221 375
190 48
67 298
284 322
238 271
119 208
243 11
128 342
11 283
73 231
157 286
208 217
275 247
108 65
232 96
157 28
196 111
235 145
22 260
249 45
216 375
276 105
117 237
68 338
90 115
32 304
125 196
8 76
129 330
169 121
85 203
244 274
82 263
232 132
161 49
160 21
205 41
50 128
85 102
22 187
228 394
178 227
42 258
50 25
201 395
78 135
247 42
147 121
241 85
234 58
79 323
251 335
49 239
123 218
273 167
169 315
297 129
164 183
6 223
258 157
230 308
59 294
196 114
82 162
15 378
147 26
121 362
265 323
249 287
82 225
255 222
137 14
42 335
238 90
192 118
240 395
45 236
189 380
189 371
51 199
70 45
134 191
103 139
130 58
173 20
256 255
282 136
120 224
81 368
107 190
87 100
286 111
7 397
155 219
269 113
134 375
82 168
216 285
153 155
183 184
163 177
132 321
72 150
291 202
235 17
4 354
119 291
64 37
7 198
44 150
230 89
17 317
125 224
269 131
94 308
105 156
75 112
7 322
210 172
135 187
14 15
127 306
154 227
84 88
218 375
146 53
172 310
33 233
141 33
254 119
49 44
260 66
107 193
202 3
140 234
297 40
280 314
114 174
55 337
246 324
79 164
187 336
62 399
33 111
272 282
1 309
203 236
131 271
160 335
23 3
67 172
174 51
0 196
15 235
24 398
94 341
99 66
145 209
193 186
210 261
48 35
290 71
48 4
26 248
6 86
274 206
283 101
274 123
