1000 1000 1000
0 100
100 0
960 975
960 976
960 977
960 978
960 979
960 980
960 981
960 982
960 983
960 984
960 985
960 986
960 987
960 988
960 989
960 990
960 991
960 992
960 993
960 994
960 995
960 996
960 997
960 998
960 999
961 975
961 976
961 977
961 978
961 979
961 980
961 981
961 982
961 983
961 984
961 985
961 986
961 987
961 988
961 989
961 990
961 991
961 992
961 993
961 994
961 995
961 996
961 997
961 998
961 999
962 975
962 976
962 977
962 978
962 979
962 980
962 981
962 982
962 983
962 984
962 985
962 986
962 987
962 988
962 989
962 990
962 991
962 992
962 993
962 994
962 995
962 996
962 997
962 998
962 999
963 975
963 976
963 977
963 978
963 979
963 980
963 981
963 982
963 983
963 984
963 985
963 986
963 987
963 988
963 989
963 990
963 991
963 992
963 993
963 994
963 995
963 996
963 997
963 998
963 999
964 975
964 976
964 977
964 978
964 979
964 980
964 981
964 982
964 983
964 984
964 985
964 986
964 987
964 988
964 989
964 990
964 991
964 992
964 993
964 994
964 995
964 996
964 997
964 998
964 999
965 975
965 976
965 977
965 978
965 979
965 980
965 981
965 982
965 983
965 984
965 985
965 986
965 987
965 988
965 989
965 990
965 991
965 992
965 993
965 994
965 995
965 996
965 997
965 998
965 999
966 975
966 976
966 977
966 978
966 979
966 980
966 981
966 982
966 983
966 984
966 985
966 986
966 987
966 988
966 989
966 990
966 991
966 992
966 993
966 994
966 995
966 996
966 997
966 998
966 999
967 975
967 976
967 977
967 978
967 979
967 980
967 981
967 982
967 983
967 984
967 985
967 986
967 987
967 988
967 989
967 990
967 991
967 992
967 993
967 994
967 995
967 996
967 997
967 998
967 999
968 975
968 976
968 977
968 978
968 979
968 980
968 981
968 982
968 983
968 984
968 985
968 986
968 987
968 988
968 989
968 990
968 991
968 992
968 993
968 994
968 995
968 996
968 997
968 998
968 999
969 975
969 976
969 977
969 978
969 979
969 980
969 981
969 982
969 983
969 984
969 985
969 986
969 987
969 988
969 989
969 990
969 991
969 992
969 993
969 994
969 995
969 996
969 997
969 998
969 999
970 975
970 976
970 977
970 978
970 979
970 980
970 981
970 982
970 983
970 984
970 985
970 986
970 987
970 988
970 989
970 990
970 991
970 992
970 993
970 994
970 995
970 996
970 997
970 998
970 999
971 975
971 976
971 977
971 978
971 979
971 980
971 981
971 982
971 983
971 984
971 985
971 986
971 987
971 988
971 989
971 990
971 991
971 992
971 993
971 994
971 995
971 996
971 997
971 998
971 999
972 975
972 976
972 977
972 978
972 979
972 980
972 981
972 982
972 983
972 984
972 985
972 986
972 987
972 988
972 989
972 990
972 991
972 992
972 993
972 994
972 995
972 996
972 997
972 998
972 999
973 975
973 976
973 977
973 978
973 979
973 980
973 981
973 982
973 983
973 984
973 985
973 986
973 987
973 988
973 989
973 990
973 991
973 992
973 993
973 994
973 995
973 996
973 997
973 998
973 999
974 975
974 976
974 977
974 978
974 979
974 980
974 981
974 982
974 983
974 984
974 985
974 986
974 987
974 988
974 989
974 990
974 991
974 992
974 993
974 994
974 995
974 996
974 997
974 998
974 999
975 975
975 976
975 977
975 978
975 979
975 980
975 981
975 982
975 983
975 984
975 985
975 986
975 987
975 988
975 989
975 990
975 991
975 992
975 993
975 994
975 995
975 996
975 997
975 998
975 999
976 975
976 976
976 977
976 978
976 979
976 980
976 981
976 982
976 983
976 984
976 985
976 986
976 987
976 988
976 989
976 990
976 991
976 992
976 993
976 994
976 995
976 996
976 997
976 998
976 999
977 975
977 976
977 977
977 978
977 979
977 980
977 981
977 982
977 983
977 984
977 985
977 986
977 987
977 988
977 989
977 990
977 991
977 992
977 993
977 994
977 995
977 996
977 997
977 998
977 999
978 975
978 976
978 977
978 978
978 979
978 980
978 981
978 982
978 983
978 984
978 985
978 986
978 987
978 988
978 989
978 990
978 991
978 992
978 993
978 994
978 995
978 996
978 997
978 998
978 999
979 975
979 976
979 977
979 978
979 979
979 980
979 981
979 982
979 983
979 984
979 985
979 986
979 987
979 988
979 989
979 990
979 991
979 992
979 993
979 994
979 995
979 996
979 997
979 998
979 999
980 975
980 976
980 977
980 978
980 979
980 980
980 981
980 982
980 983
980 984
980 985
980 986
980 987
980 988
980 989
980 990
980 991
980 992
980 993
980 994
980 995
980 996
980 997
980 998
980 999
981 975
981 976
981 977
981 978
981 979
981 980
981 981
981 982
981 983
981 984
981 985
981 986
981 987
981 988
981 989
981 990
981 991
981 992
981 993
981 994
981 995
981 996
981 997
981 998
981 999
982 975
982 976
982 977
982 978
982 979
982 980
982 981
982 982
982 983
982 984
982 985
982 986
982 987
982 988
982 989
982 990
982 991
982 992
982 993
982 994
982 995
982 996
982 997
982 998
982 999
983 975
983 976
983 977
983 978
983 979
983 980
983 981
983 982
983 983
983 984
983 985
983 986
983 987
983 988
983 989
983 990
983 991
983 992
983 993
983 994
983 995
983 996
983 997
983 998
983 999
984 975
984 976
984 977
984 978
984 979
984 980
984 981
984 982
984 983
984 984
984 985
984 986
984 987
984 988
984 989
984 990
984 991
984 992
984 993
984 994
984 995
984 996
984 997
984 998
984 999
985 975
985 976
985 977
985 978
985 979
985 980
985 981
985 982
985 983
985 984
985 985
985 986
985 987
985 988
985 989
985 990
985 991
985 992
985 993
985 994
985 995
985 996
985 997
985 998
985 999
986 975
986 976
986 977
986 978
986 979
986 980
986 981
986 982
986 983
986 984
986 985
986 986
986 987
986 988
986 989
986 990
986 991
986 992
986 993
986 994
986 995
986 996
986 997
986 998
986 999
987 975
987 976
987 977
987 978
987 979
987 980
987 981
987 982
987 983
987 984
987 985
987 986
987 987
987 988
987 989
987 990
987 991
987 992
987 993
987 994
987 995
987 996
987 997
987 998
987 999
988 975
988 976
988 977
988 978
988 979
988 980
988 981
988 982
988 983
988 984
988 985
988 986
988 987
988 988
988 989
988 990
988 991
988 992
988 993
988 994
988 995
988 996
988 997
988 998
988 999
989 975
989 976
989 977
989 978
989 979
989 980
989 981
989 982
989 983
989 984
989 985
989 986
989 987
989 988
989 989
989 990
989 991
989 992
989 993
989 994
989 995
989 996
989 997
989 998
989 999
990 975
990 976
990 977
990 978
990 979
990 980
990 981
990 982
990 983
990 984
990 985
990 986
990 987
990 988
990 989
990 990
990 991
990 992
990 993
990 994
990 995
990 996
990 997
990 998
990 999
991 975
991 976
991 977
991 978
991 979
991 980
991 981
991 982
991 983
991 984
991 985
991 986
991 987
991 988
991 989
991 990
991 991
991 992
991 993
991 994
991 995
991 996
991 997
991 998
991 999
992 975
992 976
992 977
992 978
992 979
992 980
992 981
992 982
992 983
992 984
992 985
992 986
992 987
992 988
992 989
992 990
992 991
992 992
992 993
992 994
992 995
992 996
992 997
992 998
992 999
993 975
993 976
993 977
993 978
993 979
993 980
993 981
993 982
993 983
993 984
993 985
993 986
993 987
993 988
993 989
993 990
993 991
993 992
993 993
993 994
993 995
993 996
993 997
993 998
993 999
994 975
994 976
994 977
994 978
994 979
994 980
994 981
994 982
994 983
994 984
994 985
994 986
994 987
994 988
994 989
994 990
994 991
994 992
994 993
994 994
994 995
994 996
994 997
994 998
994 999
995 975
995 976
995 977
995 978
995 979
995 980
995 981
995 982
995 983
995 984
995 985
995 986
995 987
995 988
995 989
995 990
995 991
995 992
995 993
995 994
995 995
995 996
995 997
995 998
995 999
996 975
996 976
996 977
996 978
996 979
996 980
996 981
996 982
996 983
996 984
996 985
996 986
996 987
996 988
996 989
996 990
996 991
996 992
996 993
996 994
996 995
996 996
996 997
996 998
996 999
997 975
997 976
997 977
997 978
997 979
997 980
997 981
997 982
997 983
997 984
997 985
997 986
997 987
997 988
997 989
997 990
997 991
997 992
997 993
997 994
997 995
997 996
997 997
997 998
997 999
998 975
998 976
998 977
998 978
998 979
998 980
998 981
998 982
998 983
998 984
998 985
998 986
998 987
998 988
998 989
998 990
998 991
998 992
998 993
998 994
998 995
998 996
998 997
998 998
998 999
999 975
999 976
999 977
999 978
999 979
999 980
999 981
999 982
999 983
999 984
999 985
999 986
999 987
999 988
999 989
999 990
999 991
999 992
999 993
999 994
999 995
999 996
999 997
999 998
999 999
