850 1000 1000
0 333
849 666
405 488
405 489
405 490
405 491
405 492
405 493
405 494
405 495
405 496
405 497
405 498
405 499
405 500
405 501
405 502
405 503
405 504
405 505
405 506
405 507
405 508
405 509
405 510
405 511
405 512
406 488
406 489
406 490
406 491
406 492
406 493
406 494
406 495
406 496
406 497
406 498
406 499
406 500
406 501
406 502
406 503
406 504
406 505
406 506
406 507
406 508
406 509
406 510
406 511
406 512
407 488
407 489
407 490
407 491
407 492
407 493
407 494
407 495
407 496
407 497
407 498
407 499
407 500
407 501
407 502
407 503
407 504
407 505
407 506
407 507
407 508
407 509
407 510
407 511
407 512
408 488
408 489
408 490
408 491
408 492
408 493
408 494
408 495
408 496
408 497
408 498
408 499
408 500
408 501
408 502
408 503
408 504
408 505
408 506
408 507
408 508
408 509
408 510
408 511
408 512
409 488
409 489
409 490
409 491
409 492
409 493
409 494
409 495
409 496
409 497
409 498
409 499
409 500
409 501
409 502
409 503
409 504
409 505
409 506
409 507
409 508
409 509
409 510
409 511
409 512
410 488
410 489
410 490
410 491
410 492
410 493
410 494
410 495
410 496
410 497
410 498
410 499
410 500
410 501
410 502
410 503
410 504
410 505
410 506
410 507
410 508
410 509
410 510
410 511
410 512
411 488
411 489
411 490
411 491
411 492
411 493
411 494
411 495
411 496
411 497
411 498
411 499
411 500
411 501
411 502
411 503
411 504
411 505
411 506
411 507
411 508
411 509
411 510
411 511
411 512
412 488
412 489
412 490
412 491
412 492
412 493
412 494
412 495
412 496
412 497
412 498
412 499
412 500
412 501
412 502
412 503
412 504
412 505
412 506
412 507
412 508
412 509
412 510
412 511
412 512
413 488
413 489
413 490
413 491
413 492
413 493
413 494
413 495
413 496
413 497
413 498
413 499
413 500
413 501
413 502
413 503
413 504
413 505
413 506
413 507
413 508
413 509
413 510
413 511
413 512
414 488
414 489
414 490
414 491
414 492
414 493
414 494
414 495
414 496
414 497
414 498
414 499
414 500
414 501
414 502
414 503
414 504
414 505
414 506
414 507
414 508
414 509
414 510
414 511
414 512
415 488
415 489
415 490
415 491
415 492
415 493
415 494
415 495
415 496
415 497
415 498
415 499
415 500
415 501
415 502
415 503
415 504
415 505
415 506
415 507
415 508
415 509
415 510
415 511
415 512
416 488
416 489
416 490
416 491
416 492
416 493
416 494
416 495
416 496
416 497
416 498
416 499
416 500
416 501
416 502
416 503
416 504
416 505
416 506
416 507
416 508
416 509
416 510
416 511
416 512
417 488
417 489
417 490
417 491
417 492
417 493
417 494
417 495
417 496
417 497
417 498
417 499
417 500
417 501
417 502
417 503
417 504
417 505
417 506
417 507
417 508
417 509
417 510
417 511
417 512
418 488
418 489
418 490
418 491
418 492
418 493
418 494
418 495
418 496
418 497
418 498
418 499
418 500
418 501
418 502
418 503
418 504
418 505
418 506
418 507
418 508
418 509
418 510
418 511
418 512
419 488
419 489
419 490
419 491
419 492
419 493
419 494
419 495
419 496
419 497
419 498
419 499
419 500
419 501
419 502
419 503
419 504
419 505
419 506
419 507
419 508
419 509
419 510
419 511
419 512
420 488
420 489
420 490
420 491
420 492
420 493
420 494
420 495
420 496
420 497
420 498
420 499
420 500
420 501
420 502
420 503
420 504
420 505
420 506
420 507
420 508
420 509
420 510
420 511
420 512
421 488
421 489
421 490
421 491
421 492
421 493
421 494
421 495
421 496
421 497
421 498
421 499
421 500
421 501
421 502
421 503
421 504
421 505
421 506
421 507
421 508
421 509
421 510
421 511
421 512
422 488
422 489
422 490
422 491
422 492
422 493
422 494
422 495
422 496
422 497
422 498
422 499
422 500
422 501
422 502
422 503
422 504
422 505
422 506
422 507
422 508
422 509
422 510
422 511
422 512
423 488
423 489
423 490
423 491
423 492
423 493
423 494
423 495
423 496
423 497
423 498
423 499
423 500
423 501
423 502
423 503
423 504
423 505
423 506
423 507
423 508
423 509
423 510
423 511
423 512
424 488
424 489
424 490
424 491
424 492
424 493
424 494
424 495
424 496
424 497
424 498
424 499
424 500
424 501
424 502
424 503
424 504
424 505
424 506
424 507
424 508
424 509
424 510
424 511
424 512
425 488
425 489
425 490
425 491
425 492
425 493
425 494
425 495
425 496
425 497
425 498
425 499
425 500
425 501
425 502
425 503
425 504
425 505
425 506
425 507
425 508
425 509
425 510
425 511
425 512
426 488
426 489
426 490
426 491
426 492
426 493
426 494
426 495
426 496
426 497
426 498
426 499
426 500
426 501
426 502
426 503
426 504
426 505
426 506
426 507
426 508
426 509
426 510
426 511
426 512
427 488
427 489
427 490
427 491
427 492
427 493
427 494
427 495
427 496
427 497
427 498
427 499
427 500
427 501
427 502
427 503
427 504
427 505
427 506
427 507
427 508
427 509
427 510
427 511
427 512
428 488
428 489
428 490
428 491
428 492
428 493
428 494
428 495
428 496
428 497
428 498
428 499
428 500
428 501
428 502
428 503
428 504
428 505
428 506
428 507
428 508
428 509
428 510
428 511
428 512
429 488
429 489
429 490
429 491
429 492
429 493
429 494
429 495
429 496
429 497
429 498
429 499
429 500
429 501
429 502
429 503
429 504
429 505
429 506
429 507
429 508
429 509
429 510
429 511
429 512
430 488
430 489
430 490
430 491
430 492
430 493
430 494
430 495
430 496
430 497
430 498
430 499
430 500
430 501
430 502
430 503
430 504
430 505
430 506
430 507
430 508
430 509
430 510
430 511
430 512
431 488
431 489
431 490
431 491
431 492
431 493
431 494
431 495
431 496
431 497
431 498
431 499
431 500
431 501
431 502
431 503
431 504
431 505
431 506
431 507
431 508
431 509
431 510
431 511
431 512
432 488
432 489
432 490
432 491
432 492
432 493
432 494
432 495
432 496
432 497
432 498
432 499
432 500
432 501
432 502
432 503
432 504
432 505
432 506
432 507
432 508
432 509
432 510
432 511
432 512
433 488
433 489
433 490
433 491
433 492
433 493
433 494
433 495
433 496
433 497
433 498
433 499
433 500
433 501
433 502
433 503
433 504
433 505
433 506
433 507
433 508
433 509
433 510
433 511
433 512
434 488
434 489
434 490
434 491
434 492
434 493
434 494
434 495
434 496
434 497
434 498
434 499
434 500
434 501
434 502
434 503
434 504
434 505
434 506
434 507
434 508
434 509
434 510
434 511
434 512
435 488
435 489
435 490
435 491
435 492
435 493
435 494
435 495
435 496
435 497
435 498
435 499
435 500
435 501
435 502
435 503
435 504
435 505
435 506
435 507
435 508
435 509
435 510
435 511
435 512
436 488
436 489
436 490
436 491
436 492
436 493
436 494
436 495
436 496
436 497
436 498
436 499
436 500
436 501
436 502
436 503
436 504
436 505
436 506
436 507
436 508
436 509
436 510
436 511
436 512
437 488
437 489
437 490
437 491
437 492
437 493
437 494
437 495
437 496
437 497
437 498
437 499
437 500
437 501
437 502
437 503
437 504
437 505
437 506
437 507
437 508
437 509
437 510
437 511
437 512
438 488
438 489
438 490
438 491
438 492
438 493
438 494
438 495
438 496
438 497
438 498
438 499
438 500
438 501
438 502
438 503
438 504
438 505
438 506
438 507
438 508
438 509
438 510
438 511
438 512
439 488
439 489
439 490
439 491
439 492
439 493
439 494
439 495
439 496
439 497
439 498
439 499
439 500
439 501
439 502
439 503
439 504
439 505
439 506
439 507
439 508
439 509
439 510
439 511
439 512
440 488
440 489
440 490
440 491
440 492
440 493
440 494
440 495
440 496
440 497
440 498
440 499
440 500
440 501
440 502
440 503
440 504
440 505
440 506
440 507
440 508
440 509
440 510
440 511
440 512
441 488
441 489
441 490
441 491
441 492
441 493
441 494
441 495
441 496
441 497
441 498
441 499
441 500
441 501
441 502
441 503
441 504
441 505
441 506
441 507
441 508
441 509
441 510
441 511
441 512
442 488
442 489
442 490
442 491
442 492
442 493
442 494
442 495
442 496
442 497
442 498
442 499
442 500
442 501
442 502
442 503
442 504
442 505
442 506
442 507
442 508
442 509
442 510
442 511
442 512
443 488
443 489
443 490
443 491
443 492
443 493
443 494
443 495
443 496
443 497
443 498
443 499
443 500
443 501
443 502
443 503
443 504
443 505
443 506
443 507
443 508
443 509
443 510
443 511
443 512
444 488
444 489
444 490
444 491
444 492
444 493
444 494
444 495
444 496
444 497
444 498
444 499
444 500
444 501
444 502
444 503
444 504
444 505
444 506
444 507
444 508
444 509
444 510
444 511
444 512
