400 389
900071123456789123
900142246913578246
900213370370367369
900284493827156492
900355617283945615
900426740740734738
900497864197523861
900568987654312984
900640111111102107
900711234567891230
900782358024680353
900853481481469476
900924604938258599
900995728395047722
901066851851836845
901137975308625968
901209098765415091
901280222222204214
901351345678993337
901422469135782460
901493592592571583
901564716049360706
901635839506149829
901706962962938952
901778086419728075
901849209876517198
901920333333306321
901991456790095444
902062580246884567
902133703703673690
902204827160462813
902275950617251936
902347074074041059
902418197530830182
902489320987619305
902560444444408428
902631567901197551
902702691357986674
902773814814775797
902844938271564920
902916061728354043
902987185185143166
903058308641932289
903129432098721412
903200555555510535
903271679012299658
903342802469088781
903413925925877904
903485049382667027
903556172839456150
903627296296245273
903698419753034396
903769543209823519
903840666666612642
903911790123401765
903982913580190888
904054037036980011
904125160493769134
904196283950558257
904267407407347380
904338530864136503
904409654320925626
904480777777714749
904551901234503872
904623024691292995
904694148148082118
904765271604871241
904836395061660364
904907518518449487
904978641975238610
905049765432027733
905120888888816856
905192012345605979
905263135802395102
905334259259184225
905405382715973348
905476506172762471
905547629629551594
905618753086340717
905689876543129840
905760999999918963
905832123456708086
905903246913497209
905974370370286332
906045493827075455
906116617283864578
906187740740653701
906258864197442824
906329987654231947
906401111111021070
906472234567810193
906543358024599316
906614481481388439
906685604938177562
906756728394966685
906827851851755808
906898975308544931
906970098765334054
907041222222123177
907112345678912300
907183469135701423
907254592592490546
907325716049279669
907396839506068792
907467962962857915
907539086419647038
907610209876436161
907681333333225284
907752456790014407
907823580246803530
907894703703592653
907965827160381776
908036950617170899
908108074073960022
908179197530749145
908250320987538268
908321444444327391
908392567901116514
908463691357905637
908534814814694760
908605938271483883
908677061728273006
908748185185062129
908819308641851252
908890432098640375
908961555555429498
909032679012218621
909103802469007744
909174925925796867
909246049382585990
909317172839375113
909388296296164236
909459419752953359
909530543209742482
909601666666531605
909672790123320728
909743913580109851
909815037036898974
909886160493688097
909957283950477220
910028407407266343
910099530864055466
910170654320844589
910241777777633712
910312901234422835
910384024691211958
910455148148001081
910526271604790204
910597395061579327
910668518518368450
910739641975157573
910810765431946696
910881888888735819
910953012345524942
911024135802314065
911095259259103188
911166382715892311
911237506172681434
911308629629470557
911379753086259680
911450876543048803
911521999999837926
911593123456627049
911664246913416172
911735370370205295
911806493826994418
911877617283783541
911948740740572664
912019864197361787
912090987654150910
912162111110940033
912233234567729156
912304358024518279
912375481481307402
912446604938096525
912517728394885648
912588851851674771
912659975308463894
912731098765253017
912802222222042140
912873345678831263
912944469135620386
913015592592409509
913086716049198632
913157839505987755
913228962962776878
913300086419566001
913371209876355124
913442333333144247
913513456789933370
913584580246722493
913655703703511616
913726827160300739
913797950617089862
913869074073878985
913940197530668108
914011320987457231
914082444444246354
914153567901035477
914224691357824600
914295814814613723
914366938271402846
914438061728191969
914509185184981092
914580308641770215
914651432098559338
914722555555348461
914793679012137584
914864802468926707
914935925925715830
915007049382504953
915078172839294076
915149296296083199
915220419752872322
915291543209661445
915362666666450568
915433790123239691
915504913580028814
915576037036817937
915647160493607060
915718283950396183
915789407407185306
915860530863974429
915931654320763552
916002777777552675
916073901234341798
916145024691130921
916216148147920044
916287271604709167
916358395061498290
916429518518287413
916500641975076536
916571765431865659
916642888888654782
916714012345443905
916785135802233028
916856259259022151
916927382715811274
916998506172600397
917069629629389520
917140753086178643
917211876542967766
917282999999756889
917354123456546012
917425246913335135
917496370370124258
917567493826913381
917638617283702504
917709740740491627
917780864197280750
917851987654069873
917923111110858996
917994234567648119
918065358024437242
918136481481226365
918207604938015488
918278728394804611
918349851851593734
918420975308382857
918492098765171980
918563222221961103
918634345678750226
918705469135539349
918776592592328472
918847716049117595
918918839505906718
918989962962695841
919061086419484964
919132209876274087
919203333333063210
919274456789852333
919345580246641456
919416703703430579
919487827160219702
919558950617008825
919630074073797948
919701197530587071
919772320987376194
919843444444165317
919914567900954440
919985691357743563
920056814814532686
920127938271321809
920199061728110932
920270185184900055
920341308641689178
920412432098478301
920483555555267424
920554679012056547
920625802468845670
920696925925634793
920768049382423916
920839172839213039
920910296296002162
920981419752791285
921052543209580408
921123666666369531
921194790123158654
921265913579947777
921337037036736900
921408160493526023
921479283950315146
921550407407104269
921621530863893392
921692654320682515
921763777777471638
921834901234260761
921906024691049884
921977148147839007
922048271604628130
922119395061417253
922190518518206376
922261641974995499
922332765431784622
922403888888573745
922475012345362868
922546135802151991
922617259258941114
922688382715730237
922759506172519360
922830629629308483
922901753086097606
922972876542886729
923043999999675852
923115123456464975
923186246913254098
923257370370043221
923328493826832344
923399617283621467
923470740740410590
923541864197199713
923612987653988836
923684111110777959
923755234567567082
923826358024356205
923897481481145328
923968604937934451
924039728394723574
924110851851512697
924181975308301820
924253098765090943
924324222221880066
924395345678669189
924466469135458312
924537592592247435
924608716049036558
924679839505825681
924750962962614804
924822086419403927
924893209876193050
924964333332982173
925035456789771296
925106580246560419
925177703703349542
925248827160138665
925319950616927788
925391074073716911
925462197530506034
925533320987295157
925604444444084280
925675567900873403
925746691357662526
925817814814451649
925888938271240772
925960061728029895
926031185184819018
926102308641608141
926173432098397264
926244555555186387
926315679011975510
926386802468764633
926457925925553756
926529049382342879
926600172839132002
926671296295921125
926742419752710248
926813543209499371
926884666666288494
926955790123077617
927026913579866740
927098037036655863
927169160493444986
927240283950234109
927311407407023232
927382530863812355
927453654320601478
927524777777390601
927595901234179724
927667024690968847
927738148147757970
927809271604547093
927880395061336216
927951518518125339
928022641974914462
928093765431703585
928164888888492708
928236012345281831
928307135802070954
928378259258860077
928449382715649200
