3000
962 2461
1538 1539
1064 2563
415 416
571 572
2561 2562
1127 2626
1330 1331
371 372
65 66
272 1771
977 2476
604 605
318 1817
668 2167
943 944
1179 2678
1245 2744
1228 1229
1367 2866
1012 1013
1340 2839
1172 1173
1082 1083
790 791
73 74
1068 1069
2573 2574
2567 2568
999 2498
1016 1017
1124 1125
495 496
523 524
462 1961
1361 2860
20 1519
619 620
749 2248
488 1987
243 244
366 1865
2723 2724
1295 1296
479 480
332 333
173 1672
2300 2301
40 41
140 141
361 362
2798 2799
663 2162
2318 2319
72 1571
1086 1087
353 1852
1865 1866
1029 1030
444 1943
752 2251
1241 1242
2090 2091
1408 1409
1314 1315
936 2435
1149 2648
93 94
221 222
474 475
911 912
1471 1472
2171 2172
1380 1381
1336 1337
1355 1356
168 169
1171 1172
1079 2578
1859 1860
349 350
717 718
1344 1345
607 608
863 2362
2603 2604
2543 2544
957 958
141 1640
1332 1333
1137 2636
1086 2585
1377 2876
1095 2594
887 888
969 970
1265 2764
762 763
1156 1157
2843 2844
1256 2755
623 2122
200 1699
2405 2406
590 591
1052 1053
966 967
1263 1264
1044 2543
599 600
194 1693
1206 2705
668 669
78 1577
606 607
776 2275
786 787
630 2129
1361 1362
1193 2692
1166 2665
1961 1962
923 2422
669 670
105 1604
1094 2593
1176 2675
2006 2007
1550 1551
2408 2409
492 493
2666 2667
1817 1818
378 1877
43 44
642 2141
1074 1075
1439 2938
1399 1400
518 2017
142 143
483 1982
321 1820
551 552
2975 2976
2924 2925
1116 2615
758 2257
29 1528
41 1540
1232 2731
843 2342
102 103
1242 2741
1541 1542
1069 1070
1255 1256
2060 2061
529 530
1559 1560
1131 2630
777 2276
2351 2352
618 619
960 961
449 450
1391 2890
915 2414
55 56
882 883
1244 2743
955 956
68 1567
2276 2277
1066 1067
1203 2702
581 582
64 65
2717 2718
12 13
1174 1175
1455 2954
1235 2734
480 481
2552 2553
171 1670
1128 2627
740 2239
1120 1121
2282 2283
559 560
522 2021
508 509
1111 1112
18 1517
1269 2768
1404 1405
1313 2812
132 133
27 1526
1017 1018
899 2398
577 578
783 784
159 1658
1298 2797
1305 1306
464 1963
1236 2735
1931 1932
1289 1290
836 2335
2240 2241
2336 2337
920 921
1250 2749
22 23
1106 2605
1422 2921
237 1736
1033 1034
1280 1281
1254 2753
557 2056
1493 2992
1862 1863
1318 1319
293 1792
2492 2493
870 871
390 1889
937 938
1461 1462
152 153
328 329
56 57
716 2215
1317 2816
15 16
1317 1318
672 2171
127 128
856 857
266 1765
1367 1368
897 2396
1082 2581
437 1936
647 648
433 434
1356 2855
2804 2805
1356 1357
1224 1225
1199 2698
587 588
1028 2527
1332 2831
421 422
1073 2572
1022 2521
688 689
1221 1222
2900 2901
174 1673
636 637
1291 1292
1215 1216
2696 2697
291 292
315 1814
399 400
187 188
2945 2946
1334 1335
78 79
1142 2641
24 1523
1343 1344
308 309
921 922
1246 1247
585 2084
1850 1851
2069 2070
2156 2157
1742 1743
672 673
2024 2025
1204 1205
397 398
509 510
1124 2623
468 1967
814 815
759 2258
600 601
1484 2983
2219 2220
1508 1509
224 1723
2834 2835
690 691
2228 2229
63 64
393 1892
114 115
2618 2619
699 2198
2768 2769
2174 2175
1108 1109
830 2329
812 2311
1405 1406
2918 2919
903 904
86 87
950 951
2939 2940
233 1732
1388 2887
1099 1100
2684 2685
1249 1250
639 640
1371 1372
1148 1149
993 994
1488 1489
123 1622
416 417
1288 1289
425 426
474 1973
1374 2873
1000 1001
2018 2019
861 862
2708 2709
1280 2779
591 592
1140 2639
404 405
1470 1471
1595 1596
399 1898
1349 1350
1265 1266
1424 1425
833 2332
2873 2874
931 932
1023 2522
1002 1003
2741 2742
1448 2947
1140 1141
860 861
695 2194
1201 1202
714 715
2681 2682
2183 2184
1544 1545
2639 2640
744 2243
1252 1253
285 286
1622 1623
1023 1024
2558 2559
2591 2592
1368 1369
933 934
2261 2262
1480 1481
822 823
1014 2513
1751 1752
428 429
1847 1848
1463 2962
1226 2725
368 369
2693 2694
709 710
1045 1046
998 2497
382 383
815 816
252 253
1329 2828
2132 2133
432 433
1397 2896
331 332
1303 1304
1239 1240
506 2005
997 998
1943 1944
426 427
956 957
888 889
974 2473
1347 2846
649 650
1077 1078
2294 2295
1199 1200
572 573
1070 1071
1040 2539
533 2032
676 677
1345 1346
2162 2163
481 482
1151 2650
85 86
416 1915
579 2078
617 618
609 2108
1482 2981
1181 2680
671 2170
539 540
621 622
184 185
1316 2815
149 1648
71 1570
996 997
1478 1479
2048 2049
1297 1298
632 2131
840 841
1088 2587
365 1864
271 272
1220 1221
1185 1186
1598 1599
1500 2999
1378 1379
176 177
23 1522
2825 2826
918 2417
411 412
1163 1164
1423 1424
424 425
460 461
219 1718
1217 1218
561 2060
348 1847
992 993
120 121
888 2387
945 2444
1056 2555
2777 2778
507 2006
857 2356
691 692
771 2270
210 211
278 279
585 586
644 2143
150 1649
1077 2576
1949 1950
518 519
288 1787
66 67
738 739
76 77
470 471
429 430
2426 2427
2930 2931
329 330
1205 2704
793 794
1181 1182
1097 1098
216 1715
458 1957
238 239
109 110
917 2416
1072 1073
553 554
1796 1797
400 401
494 495
840 2339
1619 1620
229 230
1458 2957
1271 2770
1403 1404
114 1613
470 1969
31 32
835 836
81 1580
825 826
276 1775
245 1744
673 674
810 811
1485 1486
642 643
1432 1433
944 945
430 431
1411 1412
327 328
2858 2859
743 2242
1145 1146
2672 2673
1059 2558
938 2437
2288 2289
322 323
1098 1099
104 1603
1024 1025
2429 2430
381 1880
1044 1045
519 520
33 34
751 752
2177 2178
1395 1396
880 881
49 50
563 564
9 1508
228 1727
1386 1387
1485 2984
94 95
965 2464
332 1831
2780 2781
412 413
1416 2915
777 778
1685 1686
233 234
312 313
1454 2953
1308 1309
304 305
188 1687
1126 1127
788 789
57 58
1458 1459
253 254
787 788
493 494
1337 1338
1457 1458
729 730
1324 1325
2186 2187
540 2039
954 955
797 798
795 796
990 991
710 711
1444 1445
206 1705
1068 2567
1036 1037
873 2372
756 2255
1105 1106
1283 1284
1883 1884
1109 1110
1355 2854
898 899
10 11
2135 2136
360 361
512 2011
726 727
1322 1323
1505 1506
654 655
761 2260
1904 1905
552 2051
731 732
525 526
546 547
1035 1036
39 1538
1452 1453
920 2419
545 546
1364 1365
1206 1207
391 392
2267 2268
1350 2849
258 259
896 2395
239 240
38 39
801 802
98 99
900 901
2549 2550
2378 2379
111 112
537 2036
854 855
204 1703
1254 1255
1319 2818
962 963
499 500
213 214
2411 2412
320 1819
789 790
914 2413
449 1948
407 1906
1393 1394
2456 2457
531 532
1394 2893
1434 1435
342 343
1037 1038
745 746
2528 2529
197 198
2846 2847
881 2380
1499 1500
71 72
192 193
520 521
1727 1728
14 15
1477 1478
1465 1466
369 370
941 2440
1232 1233
869 870
262 263
848 2347
652 653
1139 2638
244 245
2222 2223
87 88
902 2401
1450 1451
1452 2951
2291 2292
891 892
2516 2517
1011 1012
1247 2746
5 1504
764 2263
1216 1217
1070 2569
1062 1063
1625 1626
1916 1917
1763 1764
2243 2244
355 356
927 928
570 571
1413 2912
1371 2870
727 728
1073 1074
1340 1341
1577 1578
1359 2858
875 876
971 2470
992 2491
1389 2888
692 2191
417 418
1213 1214
1139 1140
1025 1026
966 2465
1568 1569
593 594
1940 1941
693 694
1374 1375
837 2336
990 2489
1889 1890
231 1730
453 1952
1474 1475
175 176
1208 2707
627 628
1335 1336
875 2374
800 801
16 17
1058 2557
441 442
68 69
564 2063
196 197
666 2165
183 1682
1328 1329
1106 1107
1266 1267
1296 2795
1369 1370
521 2020
1088 1089
337 338
1107 1108
926 2425
401 402
456 1955
737 738
1339 1340
384 385
2912 2913
1688 1689
1350 1351
873 874
2990 2991
1718 1719
247 248
1001 2500
282 1781
118 119
345 346
755 756
544 545
156 1655
979 980
305 1804
534 535
924 925
959 960
1486 1487
2195 2196
765 2264
1080 1081
255 1754
573 574
2750 2751
1233 2732
1760 1761
2384 2385
393 394
1115 1116
887 2386
2927 2928
2216 2217
1425 1426
163 164
1438 1439
515 2014
1138 1139
930 931
906 907
176 1675
855 856
1223 2722
1427 2926
1141 1142
1002 2501
1296 1297
48 1547
613 614
369 1868
1169 2668
1409 1410
1110 1111
273 1772
2279 2280
263 264
1236 1237
335 1834
906 2405
2027 2028
2246 2247
773 2272
2450 2451
1715 1716
311 1810
1214 2713
2438 2439
975 2474
776 777
240 1739
531 2030
2972 2973
440 441
452 1951
338 1837
2009 2010
1874 1875
704 705
2891 2892
1368 2867
1316 1317
703 704
245 246
375 376
260 261
77 1576
555 2054
515 516
1461 2960
665 2164
1320 2819
1211 1212
172 173
1027 1028
17 18
1017 2516
24 25
1492 1493
148 149
471 1970
1243 1244
693 2192
1389 1390
92 93
1187 1188
1038 1039
2786 2787
1261 1262
2555 2556
1467 2966
775 776
739 740
742 743
857 858
702 703
662 2161
1184 2683
1592 1593
1376 2875
207 1706
2882 2883
2654 2655
2951 2952
2396 2397
1298 1299
1646 1647
314 1813
501 2000
211 212
2759 2760
167 1666
528 529
1152 2651
1417 1418
1571 1572
690 2189
1305 2804
614 2113
226 227
270 271
1112 1113
2537 2538
868 869
640 641
299 1798
734 735
1184 1185
726 2225
947 2446
1373 1374
396 397
8 1507
447 1946
103 104
603 604
42 43
1064 1065
737 2236
1115 2614
1398 1399
21 1520
155 1654
624 625
193 194
2189 2190
1104 1105
1083 2582
1247 1248
236 1735
2969 2970
2474 2475
545 2044
44 45
1175 1176
967 968
1532 1533
116 1615
482 1981
629 630
989 2488
2582 2583
1197 1198
1205 1206
288 289
388 389
434 1933
1353 1354
47 48
1233 1234
259 260
847 848
842 843
1013 1014
1364 2863
203 204
1308 2807
1071 1072
707 2206
2420 2421
407 408
220 221
403 404
791 2290
36 37
1235 1236
36 1535
692 693
336 1835
98 1597
2963 2964
1415 2914
925 926
641 2140
276 277
389 1888
541 542
755 2254
853 854
595 596
1287 1288
1279 1280
1170 2669
2993 2994
1055 2554
491 1990
2510 2511
1018 1019
714 2213
922 923
1402 1403
222 223
656 2155
747 2246
2897 2898
1101 2600
106 107
1131 1132
185 1684
735 736
2669 2670
1047 1048
1182 1183
75 76
347 1846
2198 2199
334 335
1712 1713
708 2207
854 2353
1113 2612
235 236
994 995
1065 2564
1304 2803
2138 2139
731 2230
1781 1782
602 603
279 280
2726 2727
1128 1129
1159 1160
180 1679
228 229
1321 1322
1473 1474
1381 1382
704 2203
1562 1563
878 2377
1238 2737
627 2126
50 51
987 2486
147 1646
498 1997
1691 1692
1769 1770
1015 1016
189 190
550 551
594 2093
2498 2499
269 1768
2981 2982
510 511
151 152
2258 2259
124 125
686 2185
1784 1785
2345 2346
660 2159
2633 2634
368 1867
2795 2796
1151 1152
756 757
594 595
2192 2193
200 201
2663 2664
483 484
374 1873
2423 2424
234 1733
1191 2690
48 49
2816 2817
890 891
547 548
1046 1047
667 668
179 1678
2003 2004
9 10
56 1555
351 1850
299 300
1382 1383
1196 2695
2093 2094
62 63
684 685
23 24
1008 1009
589 590
92 1591
641 642
913 914
1823 1824
1973 1974
59 1558
663 664
352 353
620 621
336 337
2792 2793
606 2105
284 1783
2621 2622
968 969
852 2351
807 2306
1133 2632
539 2038
1483 1484
132 1631
1607 1608
191 192
1007 2506
665 666
198 199
657 2156
582 583
618 2117
670 671
572 2071
1057 1058
719 720
623 624
1010 2509
117 1616
819 820
2729 2730
1919 1920
446 1945
2627 2628
808 809
501 502
1005 1006
186 1685
434 435
206 207
1207 1208
1500 1
88 89
138 139
232 233
463 464
195 1694
379 380
2153 2154
1437 2936
1148 2647
885 2384
646 647
1928 1929
158 1657
1490 2989
1185 2684
1447 1448
1325 1326
207 208
153 154
89 90
988 989
836 837
1162 1163
354 1853
362 363
162 1661
851 2350
1468 1469
380 381
63 1562
377 1876
658 659
2270 2271
1067 2566
471 472
1406 1407
1188 1189
1309 1310
680 681
1026 2525
2513 2514
1215 2714
409 410
598 599
957 2456
1472 1473
570 2069
1146 2645
711 712
788 2287
1183 1184
160 161
3 4
1946 1947
2852 2853
2609 2610
633 634
1006 1007
410 1909
287 288
514 515
2978 2979
1574 1575
190 191
718 719
435 1934
1379 1380
556 557
1967 1968
461 462
143 144
126 1625
2051 2052
578 2077
410 411
2522 2523
537 538
772 773
526 527
1093 1094
466 467
1176 1177
948 2447
47 1546
935 936
785 2284
779 2278
717 2216
1466 1467
316 317
1119 2618
1433 1434
1442 1443
1583 1584
2453 2454
828 2327
1019 1020
1416 1417
1237 1238
679 680
130 131
1338 2837
796 797
440 1939
2600 2601
611 2110
498 499
1264 1265
455 456
298 299
629 2128
230 231
342 1841
2159 2160
1081 1082
217 218
212 1711
794 795
1028 1029
1090 1091
861 2360
968 2467
696 697
1517 1518
1061 2560
1286 2785
275 1774
327 1826
834 835
626 2125
107 1606
1101 1102
360 1859
225 1724
2339 2340
290 1789
136 137
1085 1086
1304 1305
946 947
844 845
746 2245
924 2423
1097 2596
1410 1411
1463 1464
1114 1115
269 270
174 175
879 2378
543 544
305 306
780 781
1087 1088
981 2480
1754 1755
414 1913
774 775
58 59
638 639
7 8
1478 2977
952 953
376 377
650 2149
2447 2448
158 159
818 2317
953 954
1016 2515
359 360
934 935
139 140
1613 1614
1194 1195
504 505
2612 2613
135 136
296 297
721 722
131 1630
54 55
851 852
295 296
312 1811
2105 2106
1223 1224
1306 1307
674 2173
1360 1361
1295 2794
53 1552
694 695
490 491
144 145
52 53
680 2179
387 1886
1700 1701
465 466
2774 2775
28 29
1460 1461
1122 2621
1020 2519
30 1529
11 12
1281 2780
1347 1348
273 274
1008 2507
364 365
883 884
1433 2932
809 2308
182 183
2168 2169
1125 1126
267 1766
659 2158
991 992
137 1636
884 885
1079 1080
1748 1749
765 766
291 1790
908 909
558 559
61 62
938 939
2357 2358
1311 2810
451 452
1312 1313
1601 1602
32 33
129 1628
1952 1953
1354 1355
2012 2013
480 1979
1386 2885
1370 1371
1670 1671
1856 1857
699 700
1937 1938
1262 2761
59 60
1449 1450
221 1720
1383 1384
35 1534
33 1532
51 1550
2531 2532
894 895
1234 1235
805 806
711 2210
84 85
1095 1096
535 536
1100 2599
208 209
236 237
2084 2085
760 761
681 682
152 1651
1491 2990
275 276
2477 2478
107 108
192 1691
885 886
1089 1090
383 384
700 701
2150 2151
1373 2872
1628 1629
657 658
1177 1178
354 355
871 872
612 2111
827 828
1322 2821
2225 2226
325 326
372 1871
1047 2546
567 568
2807 2808
1004 2503
816 2315
2204 2205
281 1780
155 156
1026 1027
258 1757
715 716
768 2267
18 19
13 14
1446 2945
1610 1611
427 428
341 1840
842 2341
605 606
329 1828
350 351
708 709
15 1514
389 390
1224 2723
1175 2674
1497 1498
918 919
1056 1057
1091 1092
1226 1227
450 1949
2045 2046
1062 2561
1145 2644
302 1801
1010 1011
2906 2907
591 2090
1218 2717
1453 1454
1041 1042
2699 2700
1080 2579
674 675
198 1697
525 2024
1037 2536
2822 2823
1059 1060
1269 1270
91 92
1011 2510
767 768
1085 2584
265 266
125 1624
734 2233
282 283
981 982
90 1589
1117 1118
1278 2777
113 1612
1276 1277
762 2261
479 1978
144 1643
177 178
530 531
2861 2862
543 2042
1238 1239
1074 2573
1227 2726
1222 1223
396 1895
1103 2602
1401 1402
1392 2891
96 97
975 976
437 438
517 518
1428 2927
338 339
565 566
2372 2373
2762 2763
110 111
104 105
513 514
2903 2904
1357 1358
1190 2689
947 948
462 463
219 220
2306 2307
297 1796
528 2027
116 117
1320 1321
1431 2930
81 82
881 882
735 2234
2738 2739
252 1751
1239 2738
1694 1695
1186 1187
1400 2899
1118 2617
1157 1158
1388 1389
921 2420
420 421
1631 1632
274 275
1467 1468
161 1660
2042 2043
1032 1033
923 924
863 864
231 232
1063 1064
1100 1101
1055 1056
846 847
740 741
1682 1683
1799 1800
140 1639
17 1516
1125 2624
763 764
1034 1035
1197 2696
2459 2460
270 1769
242 1741
1137 1138
1979 1980
869 2368
417 1916
980 981
2534 2535
1442 2941
1257 2756
1229 1230
169 170
357 1856
929 2428
377 378
150 151
2078 2079
356 1855
2342 2343
2348 2349
503 504
1112 2611
489 1988
100 101
653 2152
773 774
283 284
597 598
2645 2646
2960 2961
582 2081
1123 1124
524 525
942 943
816 817
2870 2871
2837 2838
1116 1117
799 800
2180 2181
44 1543
1272 1273
381 382
1895 1896
82 83
266 267
583 584
2660 2661
1096 1097
1193 1194
720 2219
849 850
344 1843
655 656
2234 2235
2471 2472
2324 2325
309 310
798 2297
112 113
387 388
2921 2922
2036 2037
1535 1536
2771 2772
753 2252
1110 2609
1287 2786
705 706
1328 2827
510 2009
549 2048
246 1745
2402 2403
2720 2721
1326 1327
823 824
2099 2100
438 439
485 1984
961 962
2657 2658
45 46
1637 1638
385 386
1182 2681
89 1588
1259 2758
1202 2701
1342 1343
1136 1137
2108 2109
759 760
2207 2208
878 879
612 613
1220 2719
1268 2767
2876 2877
2468 2469
1194 2693
1089 2588
339 1838
1293 1294
467 1966
1413 1414
443 444
1988 1989
495 1994
1035 2534
1496 1497
83 84
317 1816
685 686
456 457
2075 2076
2564 2565
404 1903
310 311
1290 1291
1643 1644
1203 1204
1407 2906
371 1870
30 31
402 1901
964 965
505 506
405 1904
170 171
867 2366
683 684
1412 1413
1676 1677
697 698
2123 2124
1052 2551
671 672
214 215
1209 2708
678 2177
323 1822
894 2393
2297 2298
825 2324
901 902
431 432
149 150
119 120
2957 2958
264 1763
1003 1004
308 1807
576 577
846 2345
806 2305
60 61
2444 2445
1319 1320
1286 1287
1263 2762
1655 1656
1886 1887
1414 1415
767 2266
1301 1302
972 2471
83 1582
597 2096
2486 2487
1167 2666
62 1561
948 949
302 303
993 2492
1173 2672
567 2066
1376 1377
79 80
476 477
2690 2691
1502 1503
2585 2586
459 460
311 312
829 830
770 2269
1802 1803
2597 2598
121 122
261 1760
2642 2643
2966 2967
2819 2820
162 163
1445 1446
326 327
1083 1084
1164 1165
995 996
592 593
72 73
905 2404
429 1928
111 1610
797 2296
1155 1156
2915 2916
809 810
146 1645
939 940
620 2119
912 2411
723 2222
306 1805
813 814
1071 2570
1212 1213
254 255
522 523
1229 2728
1274 2773
348 349
1031 1032
156 157
909 2408
1766 1767
1424 2923
1451 2950
218 219
41 42
2630 2631
769 770
1391 1392
2942 2943
822 2321
2711 2712
1443 1444
879 880
343 344
1706 1707
473 474
546 2045
1348 1349
1418 1419
648 649
108 109
1730 1731
357 358
1260 2759
622 623
2015 2016
626 627
1811 1812
631 632
872 873
1132 1133
876 2375
306 307
2390 2391
1187 2686
786 2285
1172 2671
1094 1095
1025 2524
201 202
363 1862
725 2224
1832 1833
1076 2575
551 2050
976 977
909 910
287 1786
831 2330
1104 2603
2831 2832
300 301
347 348
1067 1068
741 2240
893 2392
21 22
2675 2676
189 1688
832 833
1829 1830
50 1549
87 1586
889 890
1005 2504
574 575
153 1652
824 825
616 617
1982 1983
713 714
749 750
1484 1485
324 1823
939 2438
392 393
864 865
1387 1388
1259 1260
1121 2620
782 2281
684 2183
593 2092
27 28
1475 1476
422 1921
1434 2933
6 1505
728 2227
439 440
1419 2918
978 979
802 803
384 1883
1451 1452
90 91
648 2147
941 942
1221 2720
1380 2879
983 2482
1284 1285
257 258
2855 2856
1103 1104
2039 2040
1267 1268
689 2188
782 783
1397 1398
489 490
1379 2878
1868 1869
1382 2881
74 1573
2624 2625
2594 2595
927 2426
2753 2754
1030 1031
1454 1455
1436 1437
1173 1174
358 359
552 553
1443 2942
723 724
365 366
687 688
584 2083
2801 2802
6 7
330 331
1315 1316
907 908
491 492
1634 1635
1469 1470
476 1975
2756 2757
1757 1758
2810 2811
473 1972
696 2195
2462 2463
1365 2864
852 853
716 717
1580 1581
932 933
702 2201
953 2452
2117 2118
575 576
864 2363
1129 1130
1394 1395
1337 2836
1346 1347
268 269
750 2249
224 225
1248 2747
637 638
1604 1605
1258 1259
2264 2265
1460 2959
542 2041
982 983
908 2407
707 708
1826 1827
2789 2790
222 1721
125 126
587 2086
1210 1211
1275 1276
101 1600
2147 2148
548 2047
549 550
1985 1986
725 726
1640 1641
611 612
911 2410
2054 2055
1048 1049
1191 1192
2375 2376
1250 1251
119 1618
1091 2590
1679 1680
926 927
1430 1431
1130 1131
215 1714
785 786
117 118
2687 2688
1351 1352
414 415
1218 1219
1146 1147
60 1559
821 2320
837 838
2828 2829
395 396
1892 1893
2615 2616
1421 2920
768 769
1164 2663
1439 1440
145 146
650 651
811 812
1031 2530
511 512
133 134
95 1594
895 896
2867 2868
330 1829
1724 1725
778 779
488 489
2285 2286
353 354
1256 1257
398 1897
1219 1220
897 898
635 2134
1153 1154
599 2098
1170 1171
764 765
248 249
724 725
1076 1077
884 2383
300 1799
615 2114
828 829
367 368
154 155
1041 2540
444 445
554 2053
643 644
738 2237
872 2371
1488 2987
1385 2884
248 1747
185 186
900 2399
882 2381
2813 2814
1412 2911
500 1999
242 243
660 661
1464 1465
1664 1665
560 2059
1853 1854
2399 2400
26 1525
827 2326
413 1912
191 1690
20 21
301 302
730 731
965 966
935 2434
1 2
1814 1815
1922 1923
986 987
819 2318
639 2138
1820 1821
590 2089
1158 1159
504 2003
644 645
1934 1935
1292 2791
1029 2528
1195 1196
2888 2889
1147 1148
2021 2022
394 395
1143 1144
2063 2064
710 2209
173 174
1494 1495
722 723
482 483
2570 2571
1053 1054
333 334
874 875
980 2479
1385 1386
1326 2825
2702 2703
1251 1252
2087 2088
1242 1243
675 2174
34 35
1341 1342
2651 2652
99 1598
1907 1908
659 660
1302 1303
468 469
1425 2924
1133 1134
195 196
970 971
406 407
647 2146
267 268
345 1844
1163 2662
2030 2031
930 2429
1925 1926
783 2282
698 2197
120 1619
561 562
1214 1215
804 805
833 834
956 2455
653 654
1284 2783
2210 2211
2366 2367
2144 2145
2732 2733
521 522
2081 2082
843 844
486 487
80 1579
839 840
1427 1428
1772 1773
848 849
2213 2214
1520 1521
69 70
477 478
455 1954
1455 1456
1058 1059
636 2135
346 347
800 2299
1270 1271
1375 1376
2606 2607
2489 2490
1161 2660
1165 1166
1042 1043
562 563
989 990
2636 2637
2237 2238
1307 1308
569 570
1135 1136
677 2176
1428 1429
1004 1005
824 2323
919 920
584 585
53 54
754 755
757 758
683 2182
687 2186
1844 1845
209 210
1673 1674
1362 1363
932 2431
2999 3000
201 1700
1051 1052
603 2102
509 2008
1838 1839
1154 2653
534 2033
1392 1393
1446 1447
54 1553
1268 1269
896 897
1991 1992
654 2153
122 1621
516 517
372 373
996 2495
255 256
1102 1103
912 913
1266 2765
2495 2496
625 626
1421 1422
294 1793
2714 2715
165 1664
32 1531
678 679
2141 2142
264 265
698 699
161 162
803 2302
2033 2034
309 1808
131 132
1469 2968
297 298
891 2390
998 999
1499 2998
1440 2939
1565 1566
601 602
747 748
826 827
1514 1515
753 754
1040 1041
2576 2577
602 2101
1314 2813
1383 2882
210 1709
318 319
1293 2792
1039 1040
93 1592
995 2494
428 1927
75 1574
1302 2801
1225 1226
70 71
436 437
1586 1587
951 2450
1476 1477
1292 1293
705 2204
1032 2531
914 915
1142 1143
1366 1367
839 2338
608 2107
789 2288
284 285
2894 2895
1167 1168
181 182
1217 2716
1473 2972
1190 1191
494 1993
2840 2841
744 745
97 98
1299 2798
1021 1022
292 293
464 465
1275 2774
237 238
135 1634
1341 2840
492 1991
986 2485
1211 2710
695 696
443 1942
2 3
628 629
374 375
1061 1062
2735 2736
2783 2784
554 555
615 616
419 420
101 102
1901 1902
1022 1023
1790 1791
1778 1779
2441 2442
450 451
2303 2304
2309 2310
1359 1360
1149 1150
2363 2364
1227 1228
812 813
1709 1710
303 304
401 1900
798 799
662 663
1130 2629
164 1663
1787 1788
2879 2880
987 988
1260 1261
784 785
820 821
1121 1122
2102 2103
866 2365
877 878
867 868
1053 2552
610 611
1497 2996
810 2309
1189 1190
324 325
128 1627
45 1544
1202 1203
1127 1128
1487 2986
1363 1364
849 2348
1479 2978
1462 1463
2333 2334
1494 2993
2588 2589
1349 2848
1065 1066
860 2359
910 911
80 81
850 851
1240 1241
465 1964
1301 2800
1043 2542
758 759
293 294
569 2068
2525 2526
1418 2917
418 419
780 2279
2480 2481
669 2168
507 508
1808 1809
1523 1524
497 498
1898 1899
272 273
277 278
548 549
426 1925
1230 1231
1196 1197
294 295
675 676
1429 1430
1970 1971
123 124
1161 1162
563 2062
1511 1512
645 646
215 216
2129 2130
1445 2944
984 985
2849 2850
2540 2541
362 1861
286 287
972 973
1113 1114
179 180
11 1510
1034 2533
459 1958
2111 2112
720 721
375 1874
486 1985
1415 1416
84 1583
741 742
1703 1704
246 247
950 2449
378 379
319 320
706 707
736 737
940 941
1658 1659
86 1585
333 1832
928 929
2321 2322
503 2002
1410 2909
1019 2518
1880 1881
3 1502
766 767
858 2357
1793 1794
2096 2097
102 1601
392 1891
600 2099
596 2095
1431 1432
202 203
12 1511
1526 1527
1652 1653
256 257
566 2065
540 541
573 2072
1475 2974
1457 2956
933 2432
1365 1366
141 142
1271 1272
441 1940
1976 1977
792 2291
254 1753
1396 1397
67 68
2744 2745
240 241
1050 1051
230 1729
1331 1332
596 597
2885 2886
186 187
770 771
771 772
2255 2256
1075 1076
29 30
212 213
1136 2635
845 2344
1325 2824
1285 1286
536 537
263 1762
1775 1776
1464 2963
2507 2508
42 1541
105 106
359 1858
1556 1557
38 1537
1198 1199
69 1568
484 485
557 558
1384 1385
1244 1245
656 657
865 866
170 1669
841 842
183 184
542 543
1362 2861
95 96
1150 1151
2648 2649
845 846
701 2200
1401 2900
1310 2809
1248 1249
903 2402
281 282
457 458
137 138
419 1918
1739 1740
168 1667
1257 1258
1323 2822
2 1501
893 894
2546 2547
2072 2073
261 262
963 964
1134 2633
1496 2995
1212 2711
1913 1914
2312 2313
1352 2851
774 2273
74 75
999 1000
983 984
977 978
14 1513
635 636
1404 2903
1014 1015
1958 1959
1160 2659
1346 2845
497 1996
251 1750
1231 1232
617 2116
165 166
402 403
1419 1420
1495 1496
469 470
1001 1002
1253 2752
902 903
1277 2776
1334 2833
225 226
1283 2782
51 52
1289 2788
719 2218
560 561
586 587
320 321
1661 1662
578 579
1253 1254
203 1702
257 1756
564 565
223 224
128 129
138 1637
1529 1530
26 27
538 539
2432 2433
1092 2591
960 2459
227 228
241 242
1262 1263
2483 2484
651 2150
576 2075
1152 1153
746 747
326 1825
904 905
905 906
728 729
1157 2656
1109 2608
1395 2894
1179 1180
395 1894
432 1931
838 839
1323 1324
608 609
477 1976
2936 2937
99 100
472 473
862 863
1440 1441
633 2132
115 116
25 26
2327 2328
411 1910
1119 1120
945 946
886 887
2231 2232
1274 1275
335 336
2864 2865
1290 2789
4 5
974 975
1278 1279
96 1595
2330 2331
581 2080
1300 1301
743 744
340 341
815 2314
1169 1170
8 9
1490 1491
682 683
533 534
285 1784
1589 1590
166 167
164 165
1493 1494
46 47
855 2354
1122 1123
634 635
817 818
1060 1061
677 678
1118 1119
199 200
398 399
423 424
963 2462
461 1960
1491 1492
2765 2766
1155 2654
218 1717
806 807
478 479
425 1924
834 2333
496 497
408 1907
2369 2370
752 753
315 316
1020 1021
413 414
1054 1055
929 930
1166 1167
1435 1436
1481 1482
2201 2202
1107 2606
944 2443
1841 1842
243 1742
580 581
801 2300
2705 2706
280 281
234 235
205 206
2273 2274
1143 2642
447 448
171 172
1049 1050
1200 2699
77 78
108 1607
624 2123
296 1795
442 443
1910 1911
733 734
178 179
1422 1423
2519 2520
748 749
2120 2121
448 449
251 252
2987 2988
134 135
1426 1427
475 476
532 533
180 181
1400 1401
2381 2382
1282 1283
250 251
386 387
513 2012
821 822
1245 1246
2387 2388
454 455
370 371
791 792
892 893
1050 2549
1553 1554
2393 2394
383 1882
519 2018
373 374
781 782
289 290
1372 1373
2315 2316
1481 2980
57 1556
408 409
5 6
1470 2969
568 569
1160 1161
356 357
985 986
969 2468
188 189
1168 1169
239 1738
1487 1488
666 667
870 2369
159 160
1310 1311
1420 1421
1277 1278
446 447
420 1919
2465 2466
350 1849
689 690
249 250
794 2293
1144 1145
609 610
818 819
1098 2597
558 2057
2504 2505
866 867
1049 2548
197 1696
1370 2869
307 308
1333 1334
422 423
2252 2253
1964 1965
1358 1359
516 2015
614 615
651 652
804 2303
1299 1300
1449 2948
1313 1314
2996 2997
147 148
1009 1010
1208 1209
524 2023
146 147
1697 1698
2126 2127
2954 2955
1281 1282
405 406
423 1922
134 1633
1398 2897
1338 1339
321 322
1472 2971
317 318
2360 2361
1994 1995
1188 2687
177 1676
803 804
290 291
1616 1617
984 2483
527 2026
467 468
566 567
859 860
713 2212
722 2221
194 195
1871 1872
1327 1328
1667 1668
66 1565
1459 1460
588 2087
750 751
978 2477
1406 2905
1092 1093
2414 2415
113 114
664 665
1200 1201
1078 1079
37 38
431 1930
249 1748
2984 2985
366 367
729 2228
1437 1438
2747 2748
65 1564
1721 1722
435 436
2417 2418
339 340
1436 2935
1311 1312
390 391
445 446
732 733
1955 1956
380 1879
588 589
1134 1135
1409 2908
1479 1480
1733 1734
2435 2436
129 130
1377 1378
512 513
351 352
530 2029
323 324
661 662
1007 1008
915 916
126 127
954 2453
209 1708
936 937
1241 2740
917 918
1178 2677
807 808
701 702
1158 2657
506 507
1352 1353
1038 2537
2678 2679
579 580
260 1759
452 453
2909 2910
1456 1457
1390 1391
502 503
831 832
1344 2843
182 1681
458 459
2165 2166
2066 2067
2501 2502
227 1726
527 528
638 2137
858 859
973 974
1358 2857
1649 1650
1476 2975
485 486
216 217
278 1777
1046 2545
1498 1499
630 631
2948 2949
1441 1442
1430 2929
792 793
645 2144
1251 2750
712 713
795 2294
1805 1806
1294 1295
1331 2830
1547 1548
1997 1998
2579 2580
899 900
438 1937
958 959
2933 2934
313 314
1192 1193
341 342
575 2074
1180 1181
1307 2806
303 1802
1403 2902
876 877
1273 1274
1448 1449
1353 2852
487 488
167 168
686 687
813 2312
500 501
2114 2115
959 2458
605 2104
157 158
204 205
732 2231
681 2180
2000 2001
1489 1490
2249 2250
143 1642
279 1778
555 556
1482 1483
1736 1737
1466 2965
1230 2729
761 762
1154 1155
632 633
386 1885
1178 1179
363 364
314 315
122 123
1835 1836
536 2035
1745 1746
1335 2834
951 952
949 950
830 831
1329 1330
213 1712
2354 2355
1043 1044
2057 2058
779 780
453 454
19 20
890 2389
1877 1878
916 917
1343 2842
1272 2771
942 2441
1013 2512
971 972
1407 1408
39 40
1209 1210
35 36
1084 1085
621 2120
344 345
110 1609
