900 800 1000
0 0
899 799
681 209
137 471
275 147
746 289
464 458
85 470
815 515
298 535
761 182
838 764
220 93
20 309
681 610
483 359
739 700
560 78
653 762
816 523
158 769
639 458
99 712
216 133
856 782
801 31
182 99
741 308
26 53
773 683
517 160
128 471
740 454
162 612
649 357
233 282
702 421
322 562
295 686
484 259
381 791
215 521
632 277
10 148
522 521
486 285
31 646
569 441
133 471
780 274
415 278
828 519
152 790
434 523
271 258
690 278
803 737
571 239
46 151
51 675
521 495
460 298
265 449
93 258
144 255
291 528
324 620
264 572
389 542
208 205
293 414
848 89
317 206
253 779
24 693
898 302
808 485
821 306
554 453
116 36
657 270
795 204
550 31
8 368
838 185
759 483
91 151
664 386
893 565
395 364
26 47
840 305
765 486
633 8
390 431
348 785
671 168
277 667
257 0
396 146
669 191
408 177
334 516
64 16
617 186
355 281
44 696
92 584
13 32
253 81
82 573
820 698
724 70
799 348
247 197
527 769
87 191
181 162
493 495
567 786
77 740
834 454
777 174
172 230
826 162
361 534
174 726
250 557
306 719
545 608
481 214
712 625
290 3
590 103
784 56
801 125
690 463
320 479
760 94
743 345
844 468
219 495
115 363
681 4
479 52
146 411
60 82
101 290
292 728
218 710
890 251
676 235
472 628
158 798
748 599
271 96
769 373
100 452
513 685
92 62
693 237
641 423
276 212
746 204
734 437
615 93
264 551
742 632
621 504
732 106
781 709
863 705
170 15
587 711
892 235
215 338
856 282
665 76
162 604
337 482
144 783
60 174
712 339
254 792
824 111
469 629
736 211
719 498
554 234
842 61
813 223
551 149
775 618
648 571
50 178
169 490
247 667
482 296
613 191
824 250
490 328
893 701
125 422
450 726
826 505
229 353
469 114
794 91
457 274
67 473
151 268
215 652
40 616
82 185
110 118
779 788
705 178
454 769
327 3
803 765
340 706
599 542
339 576
170 583
232 536
44 21
160 290
704 288
464 561
640 724
33 269
50 625
821 674
823 682
537 741
765 336
744 459
897 550
500 781
399 368
307 82
596 541
280 566
21 367
29 160
81 0
688 612
181 736
519 180
674 793
420 187
15 339
749 600
844 459
721 147
70 746
595 344
61 663
718 690
579 698
144 793
615 416
628 787
818 19
860 175
652 688
214 464
767 533
299 750
288 289
143 786
442 651
25 659
510 180
11 449
730 470
692 699
778 127
346 15
446 365
823 746
235 424
334 622
196 473
726 249
728 24
186 281
136 515
62 266
806 222
526 665
394 143
411 421
672 266
437 457
866 487
734 520
752 388
211 34
170 420
393 661
821 35
192 108
181 433
363 631
798 470
99 557
729 302
343 76
804 773
393 146
655 109
319 621
756 727
865 70
183 228
286 521
208 533
242 411
781 412
767 486
835 596
442 745
135 87
271 237
88 433
850 490
497 265
422 522
381 160
898 268
130 11
150 431
164 325
275 532
344 795
779 785
808 13
347 204
375 739
324 195
523 514
453 157
38 243
336 202
55 783
607 717
380 705
13 574
186 382
456 657
616 560
444 151
598 17
523 690
74 657
724 356
713 711
689 539
766 689
617 172
678 211
698 441
198 233
349 585
334 413
619 506
629 601
182 542
49 734
255 680
178 76
614 202
553 36
6 126
626 541
430 65
701 429
367 471
784 326
618 376
8 293
77 401
694 250
162 646
343 505
896 674
168 102
293 320
515 168
52 111
136 272
837 776
34 577
526 257
830 784
745 683
677 14
868 120
731 559
727 493
871 611
56 450
753 111
594 535
189 396
731 368
842 136
855 128
20 601
876 130
100 757
515 771
835 769
301 195
690 149
439 560
396 304
819 203
630 446
606 638
574 699
631 27
270 798
710 185
291 607
805 18
653 200
253 624
116 520
790 241
870 201
76 411
386 291
40 696
826 86
325 436
880 465
92 359
83 513
654 471
161 372
609 60
610 518
523 500
435 244
895 169
431 86
126 625
443 137
104 681
12 761
644 328
494 372
330 7
837 215
277 555
445 549
694 643
783 139
354 724
770 678
875 244
472 307
233 254
672 30
484 38
670 484
892 9
304 356
418 591
322 317
644 613
778 16
600 651
848 573
370 645
784 499
396 783
413 531
364 400
578 48
601 375
79 153
485 118
653 59
786 94
261 53
443 289
382 65
517 122
664 180
202 534
259 559
168 337
673 582
20 687
142 43
583 243
24 754
549 616
541 457
345 325
776 353
39 655
714 367
560 422
490 429
88 61
169 88
516 639
196 532
413 505
108 420
281 158
200 538
559 121
542 757
476 451
779 226
356 638
68 400
395 466
748 318
695 411
799 773
462 291
4 779
608 128
214 331
647 355
134 744
281 397
41 167
214 59
195 334
730 33
17 523
427 509
801 119
766 726
870 660
186 777
634 630
2 416
599 266
738 790
83 262
281 276
813 613
668 768
697 585
862 131
890 339
590 544
36 106
733 564
761 519
859 795
148 246
629 602
490 370
351 230
375 16
261 416
739 305
238 736
776 470
758 555
768 422
461 669
342 344
618 478
899 190
129 470
363 194
442 307
601 755
569 139
681 687
164 108
393 11
775 529
738 635
575 418
621 593
493 783
345 248
680 727
238 255
41 794
89 163
14 478
411 81
700 432
712 709
583 109
825 598
647 550
782 406
272 777
860 371
818 336
852 422
650 480
803 346
756 729
577 685
373 571
166 614
550 245
475 169
801 779
819 99
749 653
274 793
811 275
513 456
465 211
358 432
773 503
100 186
48 662
394 300
294 301
358 296
535 600
349 44
455 576
166 250
269 134
284 508
688 245
38 194
724 73
667 31
32 439
643 356
423 147
482 265
536 487
809 208
597 235
99 117
435 389
602 600
605 258
835 145
609 366
789 759
246 278
805 534
14 444
345 327
493 399
501 106
567 51
883 558
779 245
375 276
702 206
516 79
96 84
868 299
602 164
164 275
851 615
346 203
541 333
6 225
298 733
617 567
169 554
588 156
515 409
441 387
740 710
39 736
555 706
374 21
367 365
613 154
206 494
83 259
67 526
153 279
88 45
221 331
450 129
570 795
848 637
791 698
107 574
641 44
488 388
842 380
796 223
826 584
690 330
578 382
413 345
165 456
297 465
13 147
865 222
454 407
188 252
188 618
804 12
169 499
852 256
18 298
653 660
447 75
843 614
204 67
461 421
549 282
405 179
881 276
388 639
374 674
888 75
63 770
97 458
634 655
760 402
441 64
802 594
550 690
360 416
420 72
661 553
304 499
522 405
852 619
271 91
235 664
548 312
413 580
814 769
447 272
420 531
394 113
841 326
121 256
1 641
106 382
170 545
839 553
568 529
62 230
435 68
334 110
475 702
260 739
520 660
165 521
546 629
787 11
143 461
623 388
702 634
309 212
812 479
464 80
65 112
256 171
823 377
731 255
489 27
116 161
719 695
676 710
523 456
542 67
843 377
42 410
516 792
122 507
149 737
195 668
716 380
378 153
204 764
79 452
208 702
670 139
851 183
428 481
510 791
314 123
474 699
633 524
370 532
99 124
640 797
209 727
539 677
538 531
556 223
824 767
658 121
351 29
409 481
892 13
305 205
241 761
372 453
628 444
465 314
799 63
45 116
524 85
698 469
564 362
152 241
128 372
665 23
738 273
897 270
24 284
749 631
36 675
776 478
543 50
29 198
696 602
849 27
713 172
2 194
176 10
794 302
866 161
895 210
327 368
75 59
791 436
513 447
251 678
879 618
96 218
827 401
62 440
106 31
840 681
603 51
710 180
896 503
874 186
695 747
178 715
248 261
793 11
526 533
137 436
751 477
520 671
340 532
541 511
412 213
206 661
164 75
43 401
231 579
418 776
347 83
450 179
353 425
880 105
415 155
732 299
839 31
547 105
827 389
460 276
122 632
122 625
595 745
231 524
382 104
769 209
639 535
82 153
164 446
556 91
710 15
585 487
149 724
71 191
514 733
505 106
56 342
854 71
210 588
301 425
700 79
583 550
86 738
266 174
225 578
96 521
0 296
675 452
443 605
127 82
591 619
125 17
137 174
52 447
606 444
414 72
839 393
159 664
510 634
647 42
877 729
834 506
108 528
542 547
750 55
586 487
207 713
137 476
69 127
893 463
823 383
245 529
446 792
600 308
344 755
874 216
591 205
721 764
792 749
569 618
770 776
41 91
491 319
165 471
243 145
583 348
265 13
150 752
399 573
881 151
644 83
300 653
698 166
156 113
103 626
737 422
862 147
67 363
104 86
681 422
838 18
870 568
360 257
302 532
281 393
868 629
811 606
455 220
151 384
558 649
60 754
317 239
237 664
106 206
575 48
7 261
406 546
46 191
136 162
497 793
377 140
178 707
856 786
627 361
669 531
717 118
522 105
351 5
402 15
818 140
274 538
38 694
322 346
294 791
632 744
704 615
880 92
130 431
661 404
409 377
434 773
870 19
172 64
327 743
197 125
443 220
