1000 1000 1000
103 380
948 498
53 330
898 448
848 662
368 82
481 390
759 85
43 679
189 790
114 196
930 217
701 170
732 502
497 402
246 378
279 462
942 131
669 517
935 662
235 710
633 802
356 503
706 733
569 505
85 374
878 507
274 563
648 510
333 649
165 390
774 474
38 91
98 460
560 231
271 37
567 401
369 712
911 310
391 863
721 555
501 122
412 899
622 386
71 410
859 111
830 510
232 163
510 27
927 838
43 371
385 17
435 510
532 652
853 298
582 361
796 638
518 640
862 195
509 150
126 861
840 642
877 81
907 189
434 592
492 405
85 438
287 512
536 806
213 425
407 248
369 435
293 358
823 923
507 676
53 906
959 613
796 732
259 196
210 669
895 389
366 518
433 92
223 812
471 597
904 643
636 469
390 790
742 542
592 855
523 328
372 492
490 682
328 529
464 237
367 820
3 35
157 732
877 244
505 209
607 887
71 633
598 711
306 892
844 963
222 562
240 354
807 2
693 816
818 262
568 488
422 741
218 88
764 155
981 745
393 496
579 557
523 307
774 140
700 465
272 495
589 979
197 67
20 658
669 560
433 303
188 506
525 953
427 374
259 349
503 50
491 471
128 823
658 652
372 684
329 265
820 267
160 986
980 227
614 782
614 264
442 574
849 834
861 436
833 149
232 81
638 907
319 441
481 975
570 747
822 688
456 763
368 139
369 631
965 84
627 676
608 702
808 952
228 836
314 840
333 524
661 130
19 645
460 640
371 130
652 491
881 454
175 219
852 569
462 697
796 99
156 199
393 332
134 850
921 64
591 551
882 101
351 451
611 531
201 41
163 981
409 522
850 427
920 987
831 706
425 909
596 209
149 829
490 442
197 524
821 929
889 493
807 749
414 620
632 317
818 376
492 807
494 80
624 767
564 749
580 462
267 116
342 145
627 430
915 571
289 456
503 604
127 898
156 425
394 603
33 84
133 930
238 390
624 681
369 663
7 11
345 761
596 896
420 184
48 842
724 827
355 298
488 688
503 535
214 866
153 591
971 638
4 255
153 308
278 178
351 368
429 810
481 656
864 96
827 476
500 416
547 370
304 390
737 911
677 903
914 910
247 118
622 246
354 277
420 642
733 69
42 362
386 207
213 117
644 348
127 497
246 988
372 139
96 83
660 883
994 282
890 529
503 149
826 222
53 31
160 716
604 717
673 513
73 433
833 654
678 405
870 728
104 812
290 515
694 275
666 528
25 659
557 226
237 89
926 584
937 649
393 565
288 708
786 865
743 17
263 26
907 839
811 451
609 754
47 371
878 351
758 689
975 896
726 575
826 413
163 51
619 106
216 289
192 889
924 791
220 397
704 516
841 600
830 94
193 411
800 368
223 971
247 227
372 707
873 321
282 456
208 350
331 111
761 882
4 582
930 784
355 916
324 21
217 242
841 282
202 995
256 68
355 355
309 37
786 688
250 219
12 863
818 760
942 629
21 302
344 893
251 295
612 492
381 129
300 367
485 965
244 171
543 211
815 972
446 464
624 498
747 402
51 834
351 971
102 848
941 890
973 439
354 990
51 306
119 253
957 920
537 264
667 733
342 655
539 194
682 490
209 344
361 476
696 407
771 789
598 304
759 590
240 188
582 20
901 888
893 840
592 477
860 876
533 890
250 729
405 990
673 442
834 609
36 915
50 278
899 785
825 23
565 97
429 33
775 927
938 502
680 425
384 765
934 679
910 641
97 138
620 978
611 847
495 416
293 739
533 242
28 387
111 186
409 627
141 77
664 45
558 19
221 781
7 491
830 435
122 421
20 343
83 538
819 12
795 413
477 936
864 498
171 559
231 763
648 618
214 134
678 731
222 946
235 75
577 334
992 142
741 483
0 966
667 19
879 54
857 485
703 260
979 404
772 437
765 506
320 211
921 754
678 733
397 320
145 138
683 326
181 711
496 400
191 12
49 93
116 443
152 613
697 206
27 445
166 871
549 87
612 883
230 23
166 954
787 691
606 706
431 725
170 950
25 995
400 59
52 530
478 661
828 684
821 612
589 111
814 254
40 450
347 492
58 184
225 329
728 522
260 986
578 441
979 966
487 533
644 62
595 92
570 743
890 838
777 603
767 182
453 451
743 804
309 544
418 781
449 266
404 552
262 969
111 671
967 805
145 281
861 203
852 237
737 442
874 406
475 405
915 81
384 854
666 189
749 876
107 266
377 515
649 683
221 832
173 324
929 619
760 893
441 821
423 793
124 118
749 672
786 241
474 228
886 19
963 379
770 149
145 929
132 750
439 625
703 422
770 860
94 578
946 73
565 739
975 616
609 920
208 544
802 50
474 262
347 856
419 223
77 761
180 231
491 110
990 819
786 385
780 601
138 693
367 64
726 67
165 799
360 492
3 153
336 294
310 996
825 691
328 509
303 196
349 496
654 379
275 682
387 377
93 740
434 872
718 657
808 85
438 667
600 356
756 704
567 623
554 389
454 710
947 591
733 102
911 472
660 295
53 736
164 718
734 921
813 448
255 487
19 754
152 531
35 444
871 920
816 663
383 267
127 263
293 195
269 311
885 596
399 433
243 53
682 563
982 372
517 948
923 305
834 724
413 55
261 106
10 675
857 64
175 513
157 395
10 710
385 328
3 145
22 224
23 408
142 6
167 839
325 463
504 673
714 766
610 750
995 749
736 752
177 572
655 288
542 913
334 523
291 93
996 178
797 549
86 284
530 523
779 223
256 552
265 948
199 506
981 633
227 108
749 326
511 878
904 615
245 201
110 396
320 875
23 327
661 372
807 605
407 406
988 69
325 990
142 449
179 926
20 376
379 923
300 866
972 765
661 18
586 272
327 95
702 488
635 830
312 833
813 807
388 224
988 825
274 103
777 516
8 87
952 954
519 455
724 520
565 805
872 269
876 269
253 829
430 758
268 401
255 393
482 444
489 118
782 241
293 833
859 821
964 528
935 545
543 36
774 595
167 362
388 144
244 309
379 888
97 242
684 418
633 466
518 987
735 350
123 603
419 434
522 868
151 346
487 485
962 463
421 608
995 68
929 131
450 336
572 855
106 326
278 948
535 24
980 920
678 98
5 433
922 340
952 985
409 85
128 875
425 153
89 190
362 701
901 460
923 545
899 283
137 810
766 116
119 649
393 48
344 912
245 19
709 775
478 279
553 405
783 595
695 758
90 591
961 481
393 920
583 327
80 940
35 620
330 56
19 788
897 377
867 651
952 377
299 254
557 340
711 432
994 244
896 941
519 133
692 700
192 816
715 667
178 507
178 207
66 35
449 100
715 340
917 455
860 921
489 656
988 978
693 422
312 128
10 143
264 363
922 776
520 666
138 795
146 340
697 261
707 433
895 971
218 343
548 803
127 942
824 319
590 106
396 559
986 983
11 550
107 631
744 344
932 441
609 325
371 712
307 700
131 829
456 250
460 45
702 245
440 402
449 438
699 846
228 175
827 797
885 562
939 18
895 388
597 835
182 293
14 601
748 773
183 869
887 963
839 275
259 759
920 428
501 193
104 5
808 640
943 919
702 288
410 909
580 522
906 721
302 240
336 469
126 740
397 781
738 782
563 309
685 164
657 133
995 62
783 909
983 760
260 83
174 842
408 844
379 936
982 486
699 105
787 80
866 209
597 610
365 856
263 882
666 538
830 941
339 386
351 222
909 990
899 968
395 384
792 811
681 534
385 308
555 719
584 898
788 378
405 143
159 949
984 697
380 984
503 353
271 673
394 293
167 528
31 419
213 470
502 682
52 536
862 485
857 327
325 363
770 750
245 932
610 480
719 589
252 922
935 87
14 335
100 590
383 750
103 81
718 513
980 439
222 323
5 740
688 645
788 74
823 493
708 468
651 209
952 266
622 25
873 68
389 144
803 434
912 692
40 557
419 341
617 253
955 657
101 319
558 615
200 601
352 885
328 731
472 33
990 569
339 788
600 501
787 144
23 460
838 265
303 165
583 578
236 668
141 938
440 966
320 31
109 829
859 348
811 448
468 768
335 121
985 138
757 337
107 388
977 836
1 396
234 145
638 91
16 262
226 563
474 989
368 25
495 764
622 484
857 776
963 408
716 14
689 296
398 280
604 907
754 826
596 468
479 96
265 216
189 16
586 123
588 547
482 26
243 777
267 319
23 512
964 700
421 592
991 573
230 279
267 615
48 586
547 589
566 701
326 491
408 21
493 949
431 591
912 491
948 450
415 956
442 161
82 667
848 617
33 944
424 428
98 823
999 447
564 667
429 883
129 848
494 746
469 79
92 811
907 47
759 552
873 831
639 670
568 791
553 384
835 983
709 596
786 694
710 737
888 982
187 662
419 143
196 408
696 455
706 692
684 440
101 46
263 317
919 121
810 732
409 224
105 360
794 282
159 696
696 497
886 557
608 496
147 900
701 60
941 283
223 417
497 634
353 978
170 953
325 541
425 598
226 155
57 233
754 434
529 574
640 152
427 638
890 308
138 127
626 550
884 26
710 744
892 598
811 959
69 392
988 394
818 299
706 160
940 750
881 265
