850 920 1000
422 98
615 653
372 854
48 565
603 493
630 444
691 90
656 162
537 415
446 873
473 515
794 177
355 103
214 72
747 407
718 156
470 154
456 659
479 109
92 394
82 818
285 805
657 162
460 231
146 549
630 116
555 46
326 610
618 66
340 631
318 192
111 281
751 791
483 232
585 160
102 72
805 439
135 811
61 344
816 404
698 503
50 12
29 205
376 722
393 512
663 149
605 774
42 906
57 178
320 361
290 783
235 786
793 658
205 600
824 57
140 767
456 486
702 88
796 566
347 124
733 1
116 824
772 120
282 273
101 574
216 16
419 143
487 43
56 4
689 352
239 309
370 731
188 563
104 423
90 106
832 267
809 51
652 238
312 328
804 104
708 121
369 881
477 880
50 375
219 304
225 639
349 364
589 741
135 910
684 224
656 683
408 898
353 126
732 593
463 108
27 88
488 705
539 680
424 40
116 913
701 24
749 903
424 644
76 546
191 286
486 656
553 100
15 603
834 236
413 228
848 524
278 326
475 517
830 581
758 361
686 517
265 313
159 40
761 456
505 893
710 881
801 604
355 852
529 647
733 638
422 475
45 390
173 87
437 686
689 207
411 413
550 191
365 861
799 83
620 770
243 819
512 349
277 888
521 797
606 754
722 519
143 855
505 612
827 456
344 801
295 251
41 47
8 802
112 756
603 113
249 602
707 528
40 346
736 434
68 826
837 611
232 316
250 110
647 838
679 765
830 13
165 603
246 47
787 710
469 538
405 442
187 393
812 547
509 904
67 821
397 276
44 617
334 293
750 91
218 163
447 16
571 74
269 337
603 34
460 584
548 729
177 651
609 298
105 96
104 744
507 368
248 94
332 356
766 100
33 85
325 531
617 219
219 841
722 635
277 253
731 425
830 606
605 37
16 64
337 782
264 663
366 909
817 867
96 105
673 661
313 597
677 537
436 519
247 98
23 108
519 356
562 454
81 181
221 544
59 748
445 793
627 891
508 701
92 503
734 316
80 69
29 203
27 488
292 601
470 457
296 729
97 727
710 11
786 318
20 274
93 579
433 715
826 490
360 905
235 415
439 301
773 615
166 501
17 815
535 455
839 655
5 124
356 514
449 596
287 759
430 359
81 686
691 284
628 540
130 127
846 370
175 157
626 537
699 522
120 42
246 499
283 302
5 630
634 456
497 757
633 161
55 356
678 642
723 467
132 112
376 152
309 553
729 417
804 403
294 379
705 634
703 271
727 533
582 312
663 61
516 858
826 576
438 607
163 2
587 51
653 541
195 618
378 147
536 650
781 193
200 670
259 806
633 61
534 243
199 836
407 456
281 148
242 135
620 344
133 592
82 104
98 818
623 190
220 804
767 706
181 334
808 31
691 421
644 245
116 448
191 199
821 228
807 620
671 640
390 756
342 880
63 754
299 569
311 655
359 708
196 133
756 124
381 482
119 345
526 816
356 310
164 546
838 100
775 498
224 196
499 122
597 848
479 861
384 341
492 112
395 118
675 575
31 530
68 690
510 2
163 757
713 21
458 554
843 215
58 465
589 888
435 845
540 638
395 141
253 735
493 490
672 664
365 572
248 345
123 179
508 882
586 451
808 77
438 389
246 406
214 138
650 491
394 300
545 310
746 24
449 140
625 286
651 268
707 32
34 374
769 642
279 149
215 341
394 539
688 710
787 680
142 586
42 757
192 636
825 473
789 43
556 892
220 432
105 550
318 782
184 456
294 787
527 587
473 758
602 304
697 581
434 319
37 433
18 398
206 361
120 144
847 891
222 238
177 875
580 460
552 96
728 799
526 391
770 799
605 386
537 69
520 137
608 87
668 659
51 140
453 780
460 886
672 770
605 328
667 583
412 125
780 694
749 359
458 297
724 911
608 364
110 214
747 465
328 428
726 413
471 879
60 244
290 862
710 293
565 690
663 144
660 255
516 711
454 542
495 894
612 850
427 202
697 667
148 648
794 890
195 844
712 55
276 466
262 226
194 785
222 438
322 659
267 449
162 211
373 727
476 744
729 442
690 336
755 581
415 561
7 232
748 614
521 746
453 912
479 502
117 649
476 771
847 56
487 79
189 753
666 100
438 473
668 378
744 572
366 822
343 510
335 561
820 669
70 45
128 579
492 347
702 524
20 601
472 5
664 484
135 149
381 366
173 48
191 361
764 296
810 456
372 7
265 244
124 265
544 765
591 126
689 359
343 584
755 556
135 896
82 714
263 714
530 347
67 132
116 479
29 842
464 745
280 362
32 355
159 387
787 53
690 769
772 39
426 593
693 279
483 190
23 130
794 732
281 437
830 651
304 655
402 620
93 455
149 324
130 465
69 210
386 543
758 471
521 594
583 506
17 40
412 235
628 272
625 548
227 620
2 292
727 7
548 471
347 766
608 742
792 686
657 255
501 678
574 744
268 107
359 156
485 872
233 683
292 856
194 632
669 808
150 821
492 861
531 7
153 231
343 12
149 454
236 439
185 180
79 630
286 115
27 683
691 69
386 29
179 362
743 568
300 744
14 23
366 362
170 200
778 521
520 60
683 8
229 526
516 127
623 711
569 17
19 294
732 459
76 901
340 608
195 876
489 30
470 914
793 682
718 394
399 33
255 544
342 14
524 436
631 337
319 881
431 232
121 586
181 825
507 913
782 664
335 899
507 788
324 37
434 223
829 842
326 908
605 319
430 365
533 199
684 216
697 444
165 853
679 205
645 914
313 866
161 664
798 291
786 205
575 821
404 668
552 657
823 821
311 593
652 913
514 639
450 351
7 740
523 542
839 470
414 915
9 143
196 712
481 565
576 301
76 552
177 166
746 418
448 51
840 342
137 818
370 822
290 437
83 279
554 697
653 489
302 634
763 628
139 170
195 339
504 542
763 775
72 593
698 42
824 738
221 120
26 399
744 103
246 830
576 329
748 155
10 546
776 188
156 94
214 648
593 903
837 597
676 229
410 201
849 308
56 645
158 5
325 793
373 353
51 762
15 572
422 835
17 75
218 781
127 718
136 243
824 873
462 444
196 196
467 105
476 290
573 200
573 285
110 407
519 787
26 490
669 713
755 520
678 61
524 649
802 424
220 719
451 759
254 281
764 312
485 876
575 192
72 31
297 464
796 847
79 156
838 225
710 253
737 110
166 728
437 671
357 453
594 827
86 10
191 868
2 26
1 303
162 903
457 386
209 446
40 81
642 225
655 558
810 758
293 306
22 891
786 739
184 200
230 256
494 293
616 101
72 123
369 30
835 175
514 541
717 94
567 477
416 244
803 312
245 80
245 208
730 244
109 385
579 206
216 676
651 625
540 653
842 130
711 558
830 260
337 583
478 590
272 461
373 341
819 603
82 886
443 350
771 477
466 389
359 781
158 54
89 57
733 376
697 812
610 345
301 453
481 643
13 771
733 28
634 581
134 652
59 513
826 546
841 884
664 268
228 267
181 426
572 853
434 870
847 594
771 347
299 401
800 590
400 715
479 598
808 431
499 329
182 697
460 872
431 161
82 433
99 794
576 860
59 175
516 115
434 351
593 685
828 271
578 50
427 510
468 151
129 572
487 707
206 437
537 519
821 536
278 584
309 419
68 458
608 119
431 515
465 768
104 78
481 62
733 404
123 110
122 420
265 47
569 561
472 334
578 174
707 310
75 76
499 706
132 406
306 526
803 113
833 918
661 415
630 813
778 433
652 84
164 484
150 715
11 414
36 150
171 171
376 335
829 233
126 67
550 749
40 763
495 96
307 745
639 496
448 127
709 724
388 38
750 650
747 844
239 501
406 253
333 255
801 117
788 842
629 317
697 755
775 634
678 131
753 798
387 192
584 580
584 900
320 107
766 221
168 400
495 603
353 12
78 463
263 659
599 186
607 126
811 715
300 621
76 511
254 201
143 74
277 51
603 37
453 517
39 371
222 118
132 296
123 670
558 784
705 481
202 278
292 44
574 235
650 314
129 435
204 393
80 218
669 459
439 130
785 621
320 350
679 643
132 699
224 597
366 223
626 309
826 506
565 796
212 214
27 602
447 12
588 23
789 870
838 163
271 875
164 145
344 187
800 58
209 472
737 353
259 463
96 529
155 507
379 594
234 681
732 486
464 184
427 874
263 47
169 619
238 92
372 242
474 78
224 182
526 827
525 620
690 292
498 602
84 503
12 215
50 537
365 51
587 21
125 497
373 873
571 131
133 267
570 790
348 402
272 240
115 789
549 738
685 491
776 257
796 882
796 627
494 650
689 516
521 593
161 864
608 515
419 640
368 554
568 47
743 690
699 667
718 413
225 42
840 651
484 325
771 441
300 270
769 659
534 757
312 342
686 38
438 385
174 291
821 865
204 29
40 404
24 418
93 309
324 375
735 174
1 576
371 33
386 155
149 108
454 332
377 289
767 458
374 180
829 680
734 700
18 152
7 775
287 284
107 556
283 69
336 804
753 84
134 476
199 497
488 51
149 905
208 650
37 647
764 727
303 193
95 174
473 893
540 481
139 914
355 349
581 169
629 465
431 643
699 475
361 637
