1000 1000 1000
122 618
410 399
72 568
360 349
273 331
400 763
402 716
510 479
512 356
375 533
956 61
73 414
750 760
397 330
870 909
977 800
675 742
906 56
747 29
810 355
284 235
489 297
883 355
698 811
177 147
176 961
433 814
914 451
95 734
637 651
918 834
166 737
40 314
26 651
854 982
815 769
440 413
734 950
83 715
153 451
214 194
388 51
276 9
33 7
711 788
383 819
97 846
225 307
391 835
954 116
293 470
333 908
164 566
224 380
590 396
425 834
916 665
227 21
916 715
235 382
417 536
242 17
245 51
841 266
620 59
841 342
447 13
514 479
570 305
902 750
797 285
910 379
769 483
52 68
969 78
40 840
199 996
952 69
960 1
586 938
317 876
513 532
112 666
67 506
243 66
741 529
644 748
223 260
91 999
2 39
642 571
930 889
487 89
37 331
737 91
852 520
536 98
652 381
116 263
793 535
760 698
356 294
277 920
899 846
526 313
396 652
617 144
6 473
979 444
59 965
226 569
363 139
129 456
321 280
910 332
909 695
408 561
463 171
485 837
543 228
701 286
270 598
798 123
564 304
711 956
640 500
431 356
45 557
677 582
124 663
60 158
87 774
708 373
497 41
514 60
417 785
681 845
14 871
915 292
969 394
159 457
706 38
237 788
870 727
166 280
333 860
142 748
352 558
74 438
2 955
326 833
490 714
148 20
312 392
232 238
985 245
827 604
952 967
172 462
59 123
12 943
594 960
641 94
401 321
702 781
548 584
308 602
76 383
575 498
392 520
834 197
132 890
1 47
34 829
144 434
675 252
594 19
103 860
251 602
464 724
1 713
800 267
161 957
683 578
325 224
357 943
282 756
581 886
60 445
928 981
248 243
725 748
421 232
237 275
10 289
635 986
910 101
488 748
360 1
753 868
940 829
207 362
919 699
879 27
989 223
623 765
75 838
496 415
735 125
562 472
997 318
559 984
882 137
431 749
939 436
983 524
695 536
806 288
420 422
243 843
880 492
589 876
203 975
394 518
188 769
888 560
592 401
269 272
428 778
678 957
732 982
53 114
254 458
180 579
44 301
461 977
638 670
458 609
478 772
391 912
686 500
664 166
563 496
823 497
861 682
810 112
567 420
395 939
230 214
526 845
791 730
122 850
23 363
562 910
920 643
485 703
216 226
25 512
928 114
203 250
928 605
394 943
137 409
497 331
673 544
549 720
260 801
137 443
933 665
961 754
404 874
18 734
858 51
15 418
690 941
63 354
205 482
211 105
826 700
712 253
403 689
239 360
24 238
926 935
382 859
952 634
818 553
806 432
990 992
839 60
946 560
421 378
57 530
204 719
351 829
847 619
531 351
347 365
67 982
213 266
707 321
822 180
54 490
36 739
546 573
849 18
529 560
785 770
800 912
669 550
707 453
316 19
430 783
936 401
708 517
476 944
414 684
195 568
582 306
512 180
148 479
637 915
248 318
832 228
645 807
421 598
316 958
99 783
89 624
6 274
411 5
457 288
986 701
551 580
758 713
514 123
441 202
450 30
964 489
359 685
862 31
565 716
785 374
507 134
292 59
448 734
692 692
304 447
39 108
354 263
133 277
23 72
458 528
202 231
990 616
876 43
29 276
974 740
585 311
42 575
286 670
237 611
651 263
706 580
269 688
613 131
466 663
209 949
278 897
396 51
21 430
858 977
405 875
788 561
727 399
908 278
530 450
160 602
215 733
857 249
747 388
836 747
859 249
159 933
966 408
723 546
858 77
851 223
951 757
912 654
364 697
34 378
857 426
923 356
619 452
324 837
114 844
891 168
487 590
655 556
305 365
463 476
178 488
446 833
424 622
984 429
256 120
479 383
144 212
93 89
808 641
568 216
853 498
468 711
974 97
133 767
464 344
433 670
76 643
815 544
940 147
904 422
293 618
800 186
776 39
769 570
916 369
23 807
62 344
921 672
684 264
179 923
229 255
37 343
935 377
91 940
814 52
105 189
691 779
741 238
517 588
726 329
819 5
524 701
604 939
792 67
663 696
661 676
752 549
373 356
970 43
732 949
995 634
647 493
547 837
882 17
329 462
356 324
137 837
785 135
508 453
164 148
159 222
4 506
468 718
37 294
670 175
66 604
567 854
85 163
797 140
620 60
203 315
557 61
665 78
411 692
510 113
210 922
918 814
230 387
478 789
645 215
702 73
340 81
650 198
801 934
232 840
937 614
795 713
730 728
56 931
241 636
749 768
140 798
633 592
921 197
674 57
554 190
747 762
758 433
301 158
525 862
627 640
785 775
543 524
987 801
147 825
31 76
911 191
164 954
248 408
24 264
573 957
70 994
548 534
305 557
769 294
193 38
594 483
741 980
390 222
889 342
87 439
397 735
847 470
427 869
427 48
449 152
354 386
320 957
299 909
390 431
914 216
681 739
364 523
65 302
523 177
897 547
675 767
429 984
654 269
949 591
984 407
341 72
560 603
426 72
378 73
349 266
116 270
584 543
101 904
643 508
361 852
410 178
552 697
62 280
683 247
240 980
236 9
679 296
145 518
423 518
278 611
492 924
819 398
822 756
290 718
772 908
993 515
327 387
310 934
548 483
360 156
651 265
768 338
63 760
347 387
342 56
54 548
451 189
438 863
535 800
648 693
663 387
631 475
603 788
33 692
87 803
838 438
118 114
379 690
137 114
123 180
679 277
781 336
94 918
375 157
945 92
986 764
477 894
867 649
468 404
973 38
228 137
58 644
757 811
45 879
956 160
747 164
328 750
672 324
647 535
656 296
866 848
667 559
189 222
361 820
856 395
593 390
646 759
725 635
524 610
656 252
27 743
563 980
808 231
240 316
92 928
582 16
81 232
818 600
182 291
942 358
132 814
369 693
118 598
876 812
876 115
982 758
456 900
25 392
658 4
864 151
103 991
492 972
334 809
27 844
96 631
446 348
611 370
618 146
243 160
955 268
941 327
703 74
36 215
734 575
706 347
51 828
894 899
329 653
88 897
988 166
680 839
928 69
844 26
175 80
24 931
667 380
198 322
243 624
44 987
80 738
192 551
693 89
378 329
624 725
901 854
607 978
934 16
123 100
299 654
631 572
612 934
966 581
201 879
487 174
288 598
173 779
286 230
91 197
753 957
982 904
566 710
923 454
521 961
727 863
488 4
947 113
287 612
744 525
166 362
234 109
867 223
609 498
537 795
161 251
158 354
796 637
764 432
45 640
986 608
895 238
360 164
688 617
749 358
270 475
557 6
922 384
614 56
8 438
130 292
559 168
857 511
161 329
624 887
491 5
187 586
226 592
265 21
29 499
292 489
294 803
688 623
399 98
79 831
668 261
61 797
3 68
688 683
770 941
198 743
375 403
110 56
456 460
684 762
754 733
959 809
936 132
416 806
281 975
858 834
379 896
830 702
493 645
283 807
200 192
79 349
77 720
954 456
13 609
41 364
377 709
73 780
439 689
452 968
99 422
410 816
962 73
838 94
161 735
399 493
295 721
811 79
208 886
147 249
353 221
909 883
472 185
258 792
27 659
437 686
987 266
336 373
981 803
477 325
529 616
672 580
251 879
562 962
30 860
808 715
897 822
435 934
135 526
819 502
155 598
10 876
19 40
273 248
117 993
394 301
754 554
598 114
106 938
312 391
767 697
893 398
194 185
656 271
303 855
542 194
147 432
217 209
518 952
161 942
271 329
976 309
933 122
542 33
361 844
137 141
513 98
393 997
800 993
810 985
95 569
815 644
896 353
855 666
89 362
7 8
456 835
521 85
266 248
954 546
216 390
365 926
503 742
812 554
200 266
160 291
710 765
269 607
128 341
311 944
259 338
905 969
109 363
577 675
997 604
345 630
282 281
973 67
360 442
929 147
315 531
740 711
190 420
75 238
674 343
565 484
410 524
74 909
503 104
993 668
749 428
568 397
332 101
199 720
96 18
496 106
34 268
280 33
735 778
393 830
857 194
846 48
328 423
683 362
134 436
129 257
526 970
276 976
867 6
835 545
418 98
125 76
807 489
595 158
862 254
901 645
387 111
161 470
43 860
861 969
858 508
752 825
337 269
9 44
601 807
142 245
761 269
245 277
851 856
256 559
764 676
510 756
645 463
27 809
801 872
139 781
144 982
666 950
510 260
207 620
931 807
229 926
514 555
423 240
407 159
287 662
328 814
473 1
762 122
582 847
375 506
374 309
421 91
344 268
979 111
967 783
613 64
117 166
659 761
914 951
460 70
170 710
691 980
722 856
333 149
27 826
494 780
773 976
182 490
87 890
217 194
621 79
353 48
4 644
414 323
734 355
160 778
197 197
329 704
119 842
995 72
590 651
938 944
887 472
610 819
628 909
746 383
977 655
670 425
628 441
221 74
781 588
905 502
743 955
736 252
457 10
130 904
983 266
608 397
596 263
473 266
504 422
988 992
670 26
645 673
820 981
207 428
444 838
407 685
754 36
446 208
860 474
455 710
438 584
161 527
820 428
20 860
499 3
331 983
479 701
629 792
970 242
372 46
665 918
694 515
312 705
