850 1000 1000
176 871
682 785
126 821
632 926
735 932
224 987
24 296
136 104
545 498
725 477
538 760
327 445
428 715
264 702
176 739
517 190
835 849
695 861
371 949
825 900
218 960
718 205
655 81
707 644
411 945
146 626
244 418
84 959
820 337
785 348
591 600
210 266
644 919
73 993
252 722
65 907
13 144
824 187
364 824
736 576
402 721
317 45
566 432
624 774
202 930
516 968
731 301
636 948
71 305
265 647
603 108
649 34
76 345
637 295
614 733
64 566
197 10
678 205
369 387
467 868
138 120
290 854
343 439
421 516
698 168
159 256
352 792
215 642
108 108
796 68
632 638
630 55
15 656
146 570
690 450
403 573
592 78
754 410
75 787
651 493
380 687
253 682
509 288
155 388
137 818
827 641
168 114
62 275
844 306
214 215
250 663
484 973
698 661
547 492
421 725
810 795
15 129
455 831
700 941
191 217
749 453
703 786
791 77
38 552
671 722
546 580
342 922
39 844
629 112
707 36
47 797
209 862
371 839
259 727
109 772
52 822
548 978
717 434
84 894
564 500
671 960
432 122
471 228
532 773
593 768
488 738
346 894
425 185
172 355
411 45
242 165
233 832
182 203
466 119
434 718
617 428
658 160
746 992
396 51
275 507
470 586
440 553
312 25
110 145
625 419
178 947
120 625
334 782
327 416
834 992
633 653
568 871
1 590
213 940
765 576
604 231
261 5
724 323
357 593
287 154
193 358
117 720
580 74
833 261
239 330
638 845
746 871
341 261
840 438
174 992
265 63
410 381
464 186
623 84
17 494
690 346
747 32
539 499
422 504
16 888
278 339
371 962
381 507
7 134
593 211
575 877
688 258
706 765
707 812
288 95
814 420
149 318
64 671
443 201
26 664
238 87
546 592
281 287
307 750
318 927
770 501
675 530
659 629
615 492
824 92
113 259
420 164
253 634
228 541
579 231
590 95
305 816
602 861
22 428
724 703
221 294
570 634
589 787
148 404
437 347
770 649
547 998
93 908
293 39
458 390
191 427
550 787
582 642
422 10
0 980
762 648
339 398
73 696
796 303
29 253
491 556
241 273
23 75
261 511
402 244
257 505
441 189
603 17
658 643
280 367
485 183
39 684
187 247
545 920
449 919
407 590
107 507
116 150
788 903
630 717
143 180
183 810
153 593
477 596
764 200
501 672
33 403
398 580
10 277
616 3
395 490
143 654
316 96
409 154
192 431
243 473
365 822
803 131
114 385
49 739
124 856
709 644
386 224
828 60
154 664
168 259
482 780
460 796
461 195
517 565
153 541
63 517
777 778
276 477
693 455
53 630
208 922
544 209
522 142
168 836
672 953
437 596
107 647
791 830
9 200
595 384
340 840
264 467
579 338
186 793
32 278
832 616
44 843
438 808
615 769
358 613
458 18
55 341
470 231
337 506
217 931
451 529
684 571
809 907
274 945
832 469
244 760
354 639
197 251
382 105
109 552
249 75
566 948
194 88
228 198
838 754
534 159
180 284
559 201
393 342
197 660
688 671
313 379
439 509
262 503
185 515
810 712
573 44
612 336
409 548
374 69
796 152
313 769
586 586
173 953
803 340
250 463
74 649
86 698
304 320
539 452
824 302
806 904
501 281
214 596
400 143
214 368
847 877
311 122
798 239
765 579
412 186
202 568
757 709
804 494
841 106
341 461
736 835
85 149
582 58
539 306
270 86
693 479
131 64
659 666
733 33
501 196
749 764
688 997
186 160
463 877
765 22
721 82
191 814
203 844
120 188
360 933
187 72
157 935
399 995
814 838
419 193
481 532
651 817
817 93
163 432
451 32
90 419
462 538
255 94
259 528
19 92
545 807
687 638
508 988
446 789
143 385
426 327
608 598
722 455
534 811
625 719
160 277
460 936
581 230
626 224
430 917
217 385
233 951
299 175
275 548
311 70
334 310
248 16
105 299
505 461
708 575
551 82
160 542
497 981
411 229
357 756
61 901
549 824
360 431
547 515
374 960
736 526
210 576
713 540
130 104
379 153
306 50
472 364
474 20
192 701
376 88
735 476
805 190
467 713
19 694
393 623
545 113
314 873
627 486
551 301
386 163
553 438
409 890
413 204
282 895
74 321
460 928
455 153
577 896
9 551
375 594
353 111
356 704
220 501
225 748
676 935
621 673
121 622
736 503
571 771
675 137
549 321
78 162
544 151
96 816
235 435
283 398
671 881
199 481
554 483
115 678
195 27
847 216
644 884
611 11
179 276
2 524
255 731
752 77
351 868
708 509
426 721
450 574
208 364
468 690
698 359
817 999
148 599
138 931
739 592
489 740
144 962
625 189
842 205
351 290
520 582
825 915
668 490
363 342
741 907
156 687
333 966
406 996
620 932
312 10
716 580
588 689
55 955
473 563
748 551
237 140
241 568
300 702
627 174
500 933
430 81
831 64
590 758
824 451
216 341
769 958
32 24
580 442
816 370
806 362
786 325
576 405
747 606
107 446
774 267
388 21
28 301
241 537
30 305
751 769
115 311
271 534
795 285
96 910
336 847
63 332
152 636
461 107
142 641
232 234
9 87
629 735
595 109
811 398
800 733
577 504
58 480
72 402
382 382
495 681
735 770
214 926
203 695
533 447
426 963
681 914
150 671
636 491
168 574
350 988
260 487
310 249
754 490
30 760
364 705
633 375
662 102
525 868
432 424
578 992
619 797
287 412
353 684
663 982
746 627
102 971
595 521
703 893
248 400
197 288
801 702
225 500
81 800
612 179
507 962
141 458
372 783
595 993
554 282
216 507
687 871
124 32
511 349
463 46
500 38
798 476
817 444
828 838
732 867
444 889
7 665
15 613
602 332
668 526
774 103
66 582
650 951
19 663
761 850
572 378
243 883
727 614
842 554
336 919
49 15
31 553
713 369
483 360
200 275
81 396
31 775
52 629
182 679
446 83
566 513
48 304
42 382
433 741
658 950
144 621
496 392
664 721
280 115
422 541
504 890
458 665
64 966
203 848
128 623
310 687
163 424
819 664
540 417
20 759
150 382
39 121
233 419
150 406
187 597
602 377
35 734
112 500
341 483
34 996
397 411
811 567
700 831
794 40
320 280
686 617
22 900
176 620
596 61
299 22
689 488
451 553
669 34
787 266
414 579
417 969
558 525
539 245
468 134
469 690
93 578
603 910
71 281
629 630
146 967
592 684
217 756
787 561
28 450
640 868
14 915
752 112
644 750
506 32
432 826
611 641
339 295
777 286
415 967
629 816
526 994
484 405
598 57
367 857
683 239
132 110
717 583
511 747
757 951
758 477
603 347
70 775
809 511
340 84
708 368
762 196
366 798
738 311
390 804
31 644
112 86
730 505
624 342
215 46
49 920
751 765
787 871
327 39
706 317
21 250
98 669
606 463
63 867
360 907
135 780
522 224
146 786
556 432
651 204
52 278
36 156
780 19
694 983
525 521
725 977
610 93
544 446
113 76
274 324
613 640
21 738
47 656
82 634
836 838
376 950
16 152
322 984
147 606
793 895
832 84
452 591
828 392
243 591
664 298
469 114
308 29
643 961
170 730
318 795
316 184
428 610
185 875
564 327
294 702
46 149
18 396
500 350
558 935
779 333
248 380
573 884
831 775
468 719
116 198
514 794
243 760
114 186
440 844
602 930
600 592
636 344
220 195
667 165
519 935
292 888
462 522
157 26
836 746
748 656
168 200
41 878
404 531
495 664
23 363
816 439
85 727
321 226
388 890
38 345
226 294
805 998
681 330
314 542
498 399
381 521
791 617
318 916
638 947
439 765
166 667
160 541
660 824
498 426
569 451
756 875
839 770
233 390
118 512
114 218
598 409
705 637
477 586
366 995
759 22
763 770
101 879
545 43
470 906
256 121
478 925
721 76
684 755
656 653
717 72
388 456
722 71
715 835
808 249
137 692
842 83
414 874
202 505
615 53
59 860
459 42
782 283
390 963
74 880
335 782
182 244
395 785
494 707
594 261
38 814
541 601
399 336
7 824
608 790
213 346
85 627
594 156
384 271
61 32
566 241
2 42
432 695
448 862
717 139
212 171
402 448
102 818
236 304
849 398
570 503
280 288
718 366
503 293
458 736
642 489
275 558
274 327
664 425
91 832
798 93
469 992
4 341
836 236
292 630
70 896
404 163
649 418
77 587
302 678
752 818
767 688
109 604
806 163
720 754
108 485
692 885
147 453
57 783
58 41
765 150
615 576
330 145
150 461
435 186
672 783
650 946
408 576
455 550
811 64
341 450
569 277
795 231
484 843
345 40
265 293
203 622
675 361
580 265
62 762
462 396
112 80
425 799
775 253
595 630
808 519
230 728
220 988
650 647
198 523
333 399
103 367
163 54
835 933
601 930
702 247
126 176
719 797
646 192
197 385
3 127
599 637
595 318
90 225
781 661
238 257
798 180
728 477
185 581
391 168
605 557
842 544
363 422
546 72
407 616
259 405
288 879
775 579
545 499
671 997
634 286
515 787
78 223
795 394
736 492
371 763
309 716
782 876
832 880
