1000 920 1000
275 338
128 828
225 288
975 78
778 719
426 666
166 262
408 90
922 711
197 700
387 182
287 749
542 121
605 611
301 121
429 784
475 814
961 566
239 887
723 471
567 463
697 673
785 802
602 579
685 316
723 667
423 591
812 696
875 650
545 353
160 902
950 514
920 103
523 273
15 222
613 174
685 294
176 137
232 355
755 326
328 45
620 840
602 152
53 499
598 455
361 590
882 86
629 572
322 194
231 288
641 98
272 426
549 283
324 389
112 219
775 57
684 94
296 803
200 309
165 697
575 668
173 915
472 327
946 148
285 682
468 704
91 277
662 820
236 374
378 13
286 284
163 580
848 378
664 234
4 134
755 506
557 605
877 916
389 312
674 699
348 72
13 720
262 719
982 456
478 567
120 692
341 70
88 35
209 307
267 564
184 891
898 627
685 200
850 854
877 204
447 855
355 671
907 408
35 644
500 876
73 78
915 6
831 133
727 336
941 837
630 397
638 861
127 652
980 103
757 764
149 26
731 349
873 146
292 571
476 787
483 247
0 129
892 846
679 35
978 299
281 203
382 23
456 405
330 721
235 261
831 2
902 747
328 829
248 744
980 371
597 565
414 156
382 738
777 695
279 387
958 178
746 791
878 591
779 183
83 827
814 599
757 243
817 717
210 382
534 90
137 258
988 201
786 576
301 474
163 398
819 553
880 769
34 693
840 317
335 892
29 671
5 695
117 294
514 297
644 89
599 630
629 626
501 524
330 569
546 904
792 202
447 240
903 73
773 582
88 286
510 477
15 557
990 299
181 106
393 507
789 433
928 651
207 572
793 476
925 806
468 854
852 199
222 283
884 3
158 903
401 0
724 464
523 51
298 464
972 612
379 594
345 428
801 821
929 117
167 148
209 800
0 641
925 347
836 730
0 374
660 717
214 216
942 258
61 822
445 712
628 497
859 277
529 866
677 755
888 574
638 830
270 327
493 916
90 838
512 774
455 363
883 210
339 885
758 909
3 279
349 438
230 143
305 521
526 195
41 183
816 317
423 150
107 649
952 226
111 263
590 674
469 655
575 792
596 415
288 63
969 414
62 84
462 502
473 302
595 467
298 655
398 269
608 473
424 680
418 427
644 468
326 82
253 845
254 786
524 386
235 724
940 798
413 14
680 424
225 875
620 403
692 395
200 512
413 644
772 705
692 586
60 29
368 912
730 768
477 744
857 321
997 184
176 730
574 201
497 122
788 676
945 338
15 730
249 581
737 514
934 888
477 52
348 551
229 66
911 585
763 716
379 439
351 264
472 466
260 701
92 131
224 27
468 482
686 511
944 468
645 666
778 661
744 144
926 394
616 592
330 690
523 594
220 343
334 861
352 355
962 239
601 520
394 51
636 891
966 236
292 172
340 772
95 380
641 661
695 442
3 201
823 537
577 672
173 229
181 429
26 531
693 647
82 144
997 455
113 416
470 577
244 60
747 730
46 912
149 678
427 684
932 638
725 719
483 718
453 901
440 274
585 434
741 806
559 374
2 783
727 0
940 156
205 817
394 296
428 495
110 883
598 296
612 808
590 91
183 480
138 57
888 657
978 351
746 315
962 408
934 134
71 772
869 900
766 443
264 286
76 337
76 740
942 352
367 196
89 242
431 852
92 616
127 202
940 201
683 595
98 888
672 750
925 156
995 43
381 528
747 141
65 795
310 697
453 80
44 328
321 469
623 251
858 869
317 712
885 485
387 286
205 101
611 158
537 289
380 212
298 919
908 644
738 305
485 197
70 71
190 345
859 403
148 89
976 808
111 819
675 517
817 335
466 382
609 262
337 834
308 829
167 13
35 178
671 537
889 332
92 238
450 902
171 675
560 491
211 430
37 817
898 909
233 897
56 908
520 544
851 419
845 81
594 801
827 372
431 398
701 69
846 607
52 91
980 573
967 711
520 722
387 793
109 264
207 81
895 386
585 54
598 657
296 185
862 643
44 817
762 217
699 1
53 386
939 816
308 280
343 444
269 71
873 376
454 408
944 197
192 11
270 212
664 366
422 620
570 617
319 666
331 785
736 82
553 604
402 882
318 563
698 629
875 327
393 839
235 87
479 169
955 269
479 296
84 737
672 362
829 913
518 145
603 849
461 527
922 793
20 335
933 546
581 250
128 36
401 392
620 294
281 574
935 362
106 450
316 669
284 306
691 671
473 660
814 21
793 519
43 641
381 788
973 865
291 273
278 577
17 528
852 228
313 114
59 721
965 20
414 52
787 862
535 331
566 769
36 200
809 575
230 859
527 131
87 32
990 46
642 624
201 392
939 360
8 35
659 133
535 92
503 621
993 611
459 204
921 186
643 238
543 363
977 208
650 916
6 812
422 119
688 435
646 156
28 757
671 458
259 114
817 133
770 465
729 257
938 432
959 53
597 88
136 835
4 695
159 158
676 320
313 483
983 433
526 294
111 857
678 325
779 576
389 25
61 740
955 734
247 777
253 509
29 472
64 327
249 549
111 128
878 191
713 500
225 2
814 720
709 904
212 585
613 283
209 460
178 740
719 865
439 346
631 308
928 461
700 795
285 448
607 501
188 560
4 583
530 499
905 326
476 107
70 148
530 896
451 899
823 272
322 887
789 553
282 442
358 326
393 432
477 576
186 75
270 504
660 202
363 175
438 142
883 395
131 573
611 65
675 175
806 530
344 669
633 762
581 374
804 109
732 457
361 708
188 581
177 287
321 90
761 102
414 408
609 349
292 90
430 215
197 100
351 577
818 613
843 292
256 874
16 264
822 334
504 251
687 527
723 811
681 503
776 425
710 745
699 490
874 770
425 170
251 142
889 818
225 575
31 356
465 541
482 409
918 650
703 875
300 766
523 20
556 915
64 34
821 246
953 314
167 787
385 863
381 11
190 352
885 832
831 202
197 284
966 571
7 418
893 88
483 841
322 748
86 884
501 624
21 746
910 388
208 111
577 547
283 795
611 531
612 89
416 250
908 552
919 385
844 469
602 15
396 559
352 419
990 522
385 331
75 596
953 332
62 762
665 161
57 83
757 800
269 243
886 752
442 502
632 673
485 558
869 566
649 704
780 736
906 828
189 464
213 910
567 112
20 99
974 536
558 55
670 828
969 363
496 189
165 362
155 226
890 739
370 776
973 92
811 569
68 534
339 833
204 576
214 748
932 307
61 687
970 288
136 422
641 892
631 502
844 641
961 179
30 866
942 499
381 394
387 394
539 8
388 720
564 43
346 772
663 424
981 578
153 359
952 619
24 864
95 721
834 216
413 473
472 564
182 372
740 868
960 517
174 187
234 833
959 672
736 397
919 782
633 277
136 680
600 82
101 601
751 378
699 711
626 791
75 859
967 16
154 537
992 736
862 259
269 376
869 687
595 195
481 916
105 476
696 630
597 197
425 173
93 364
623 537
698 418
208 560
655 177
846 187
990 506
674 383
751 383
423 76
828 760
710 611
253 101
214 650
853 649
249 530
69 274
125 638
830 729
549 83
366 887
924 336
749 166
194 545
83 439
432 778
657 486
702 409
618 555
329 871
212 886
615 400
793 236
565 466
695 447
634 382
690 518
515 118
840 540
874 732
123 191
162 506
543 710
342 867
153 353
994 87
349 407
640 214
864 157
758 918
840 587
231 627
323 568
43 834
635 150
590 434
989 629
908 892
416 753
999 739
158 202
154 551
653 6
521 837
915 838
618 81
275 894
224 60
78 653
31 272
475 353
227 790
936 347
494 56
32 733
640 608
27 720
987 323
567 904
383 84
123 68
903 707
956 308
477 829
514 882
411 634
153 578
134 767
42 148
419 880
379 528
861 606
77 41
886 493
256 675
133 703
275 799
843 5
660 831
400 170
135 74
434 726
39 291
527 860
336 144
526 684
164 868
911 595
162 239
382 494
9 473
372 748
836 396
745 710
806 402
151 460
15 410
729 403
827 43
237 168
379 749
318 742
553 797
202 305
118 164
646 868
210 285
228 812
248 114
947 250
421 283
786 476
704 83
648 21
206 893
30 842
847 349
521 729
961 524
533 776
761 789
826 321
47 62
222 855
33 860
724 44
27 530
487 49
366 357
929 522
814 715
943 558
718 623
133 71
208 155
605 810
576 637
251 27
751 216
894 842
402 360
967 100
283 132
789 26
381 487
639 728
623 837
384 371
151 580
441 632
944 34
314 79
966 275
611 94
142 446
702 668
46 542
103 394
734 382
912 711
52 812
436 816
428 564
321 666
343 579
246 507
837 384
102 721
158 563
605 438
78 564
457 651
943 227
737 741
854 249
677 714
131 270
357 113
332 613
4 94
401 483
466 149
751 186
218 865
753 21
714 35
102 19
27 696
982 175
855 787
762 464
332 759
88 565
62 736
303 177
446 69
279 450
907 735
814 853
180 871
369 911
605 573
392 14
799 174
293 637
86 403
359 454
550 72
80 391
538 776
178 382
927 92
180 713
853 546
353 248
799 599
535 521
173 68
70 883
103 864
534 684
281 606
121 642
122 496
915 337
807 226
136 598
61 534
376 336
