850 1000 1000
506 541
175 850
456 491
125 800
727 769
306 91
258 690
810 453
129 907
200 460
540 881
812 133
459 415
791 629
796 292
233 273
418 731
566 640
538 422
697 435
536 841
6 764
720 886
527 41
424 499
125 842
562 432
785 645
703 711
542 960
640 597
266 371
337 293
161 434
375 821
199 532
122 574
644 390
680 193
605 220
378 111
205 731
643 58
43 71
368 741
150 774
684 628
419 416
711 124
23 362
376 390
469 514
345 830
67 98
156 2
157 685
33 210
398 456
103 179
278 348
140 153
412 624
400 564
527 281
820 293
383 973
591 645
303 192
4 711
366 533
519 92
350 402
267 389
191 402
588 720
333 916
322 686
400 317
509 585
431 256
35 355
339 391
589 275
337 353
283 431
641 214
844 839
103 390
745 24
112 196
803 981
270 418
267 587
36 834
94 425
506 132
449 976
600 7
283 336
94 714
527 13
93 28
447 550
681 536
96 348
574 341
45 71
235 611
520 426
114 668
473 828
323 568
516 36
168 138
85 920
601 31
439 321
82 244
770 881
439 1
340 791
280 499
111 369
378 849
46 577
408 846
768 18
36 501
311 390
232 210
811 839
0 994
241 615
177 703
243 834
90 471
521 843
341 888
765 609
440 117
87 700
10 981
443 315
534 732
479 97
498 891
74 775
138 682
371 44
694 341
466 142
68 952
460 443
624 974
689 136
678 426
10 695
286 24
42 411
111 818
639 300
396 701
789 106
131 611
376 437
570 5
484 877
119 462
602 418
586 330
439 5
461 756
235 623
406 499
447 47
394 652
471 597
167 141
806 207
349 231
533 181
527 692
456 277
279 571
127 498
342 18
707 351
237 695
829 245
66 390
8 312
344 47
540 887
70 164
843 903
577 130
764 706
573 970
518 86
380 838
246 490
785 4
41 812
376 617
761 336
122 616
292 147
451 481
502 851
138 940
282 497
817 183
495 8
453 676
383 605
192 619
577 821
633 345
27 167
521 924
508 366
432 832
422 966
73 310
843 718
190 306
63 822
494 55
710 794
435 40
500 375
383 65
722 181
121 53
638 173
409 719
681 744
768 468
225 826
649 839
131 900
587 292
29 60
94 819
444 626
437 20
499 127
141 114
404 528
744 123
70 51
832 888
489 143
802 779
419 71
792 430
644 688
271 596
604 407
146 201
163 723
723 57
432 109
309 629
537 454
397 691
76 547
676 448
188 676
228 42
531 316
402 952
308 517
345 411
632 39
193 493
85 18
237 768
487 131
280 912
230 49
596 15
387 197
792 831
785 977
29 715
155 100
799 408
715 736
47 960
363 893
124 713
706 372
806 669
120 169
184 544
417 859
844 729
390 160
196 570
141 559
467 547
735 380
634 624
61 15
519 774
764 163
88 678
463 671
259 341
30 768
567 177
416 36
847 151
721 940
340 126
624 194
264 65
427 471
190 408
466 683
247 712
30 927
396 363
453 355
182 338
520 566
753 572
734 545
1 285
166 723
294 763
436 218
476 471
378 887
656 287
721 719
154 320
241 417
355 886
615 505
842 537
795 382
736 789
736 903
725 394
382 971
708 324
27 701
177 576
351 900
668 681
797 720
129 470
824 391
346 605
78 728
162 771
196 135
347 380
666 577
363 371
683 504
41 943
849 861
232 338
14 223
233 87
42 499
645 923
614 159
247 760
81 293
387 799
846 766
255 351
746 50
169 796
417 987
295 997
424 47
370 180
165 839
219 53
96 190
660 822
532 633
608 426
270 399
295 235
91 381
554 736
71 469
29 886
577 572
790 162
355 175
692 542
321 194
270 329
620 159
175 853
188 110
574 30
425 565
560 91
293 756
542 760
115 305
847 354
222 889
285 127
585 625
260 268
155 572
752 812
93 191
534 96
181 150
485 150
371 788
12 264
815 952
272 687
479 114
316 299
194 889
768 850
440 904
354 769
366 913
217 795
538 508
164 84
654 225
833 13
88 149
333 28
26 513
437 995
598 515
785 48
830 112
594 81
140 697
441 770
124 587
827 834
576 147
234 820
45 54
502 81
278 227
407 667
600 306
722 358
492 43
113 301
8 670
265 25
525 890
685 631
450 369
236 634
664 75
80 846
579 824
711 919
651 316
601 343
263 350
412 76
182 13
821 971
769 624
805 746
121 649
788 830
190 690
133 535
45 212
477 400
658 212
521 489
73 464
7 158
294 958
641 88
87 67
691 623
407 282
227 771
648 147
751 881
348 685
244 220
714 915
677 788
424 383
252 30
339 937
426 884
354 926
435 710
557 215
728 30
402 481
469 618
45 715
423 215
155 864
553 216
807 716
641 645
839 15
734 539
217 713
845 836
568 771
775 75
582 863
182 641
263 506
293 232
559 629
126 891
135 191
225 26
263 676
144 965
473 37
25 267
595 771
78 587
364 314
538 16
494 639
55 708
841 489
120 36
669 371
411 377
459 878
92 663
824 699
410 514
397 269
25 363
847 422
526 86
677 459
145 763
813 545
548 65
342 161
804 9
265 888
46 528
249 366
375 162
820 741
397 154
734 295
399 360
726 590
30 16
88 53
125 503
520 701
23 459
102 548
431 990
650 43
135 556
574 647
386 921
90 666
58 250
369 497
6 35
677 655
364 555
290 175
703 699
457 947
49 677
787 466
122 823
14 212
240 992
545 888
655 632
487 372
643 781
43 655
66 578
400 75
460 435
560 639
654 816
547 547
278 997
413 190
490 585
494 615
172 408
97 97
540 817
6 496
131 940
30 82
37 601
580 889
245 330
31 820
31 163
232 445
642 922
25 968
561 237
232 247
109 218
635 737
642 794
147 583
392 590
208 491
678 556
351 910
604 713
744 534
157 154
501 244
14 304
755 878
330 442
790 646
134 962
126 532
461 850
660 491
430 854
135 286
568 282
259 275
783 825
266 517
106 175
424 76
148 247
449 841
16 14
603 201
646 478
548 728
192 890
94 942
822 911
36 831
324 865
449 35
139 956
34 528
59 309
92 389
158 49
83 537
289 187
189 792
777 377
837 299
336 967
757 504
638 211
607 220
368 491
92 538
594 801
26 371
570 776
676 191
252 308
655 796
336 435
265 693
825 306
257 440
643 590
513 469
500 518
12 168
825 232
36 606
538 68
497 492
299 733
478 449
444 595
676 363
12 619
22 387
30 187
283 558
17 663
838 720
416 122
732 707
221 956
233 967
565 567
112 858
696 855
700 104
761 728
802 875
433 348
507 713
471 726
529 722
668 740
9 19
46 226
820 41
103 47
345 177
636 377
317 7
59 193
27 31
506 492
781 424
309 113
446 116
23 703
841 901
291 725
159 496
98 763
663 495
835 459
117 128
504 492
616 591
72 333
482 695
257 749
170 490
100 260
838 969
826 151
224 994
771 337
545 439
335 892
194 179
719 735
691 451
122 930
593 553
587 142
127 165
487 918
573 605
657 262
255 172
332 752
429 662
188 989
517 273
684 504
124 763
633 396
308 637
97 487
504 602
734 442
749 339
221 839
726 573
143 156
534 2
394 992
120 452
809 27
706 540
791 546
24 847
228 958
819 153
201 494
644 191
690 107
549 396
180 15
236 125
692 659
193 614
157 816
584 124
6 43
596 3
797 761
397 545
838 116
334 318
454 772
577 779
804 773
510 990
54 727
313 922
158 11
164 419
531 81
507 806
412 909
791 904
334 739
45 103
757 876
277 811
573 31
35 816
316 233
678 351
187 883
143 808
762 221
168 172
495 877
119 119
687 925
637 973
689 304
181 292
26 85
818 542
829 707
658 182
76 753
613 358
157 138
337 869
258 681
92 286
330 616
63 380
493 224
441 303
583 84
727 895
641 98
605 427
676 90
582 449
732 718
396 950
740 239
579 685
73 80
599 595
239 331
310 918
455 866
539 931
325 276
336 489
625 636
719 112
772 656
438 188
520 604
217 436
807 4
572 172
103 777
49 603
835 689
252 790
62 763
145 912
341 618
168 862
254 684
404 813
769 705
419 641
75 190
809 555
304 819
23 206
388 969
649 357
12 558
120 968
698 59
141 745
47 895
428 246
835 160
692 112
500 256
171 395
594 410
77 867
665 183
733 964
519 550
741 276
309 793
459 665
55 227
577 851
361 749
698 864
190 925
271 398
430 283
555 466
507 282
44 642
646 18
234 480
429 3
274 882
703 767
437 237
822 750
667 270
191 828
135 52
239 450
761 792
259 800
480 947
662 879
143 46
670 212
467 286
773 194
386 159
143 294
82 155
190 457
328 758
623 856
667 589
585 254
321 396
460 309
677 865
480 616
250 786
394 847
376 532
754 346
228 494
839 100
533 662
386 864
99 107
28 77
189 38
262 78
730 7
447 388
141 344
502 947
846 999
563 267
84 560
703 82
479 109
575 560
704 328
390 343
360 152
806 694
841 833
272 862
681 170
802 583
546 288
67 184
160 213
530 645
137 973
55 724
672 656
228 304
551 129
6 614
442 379
705 813
656 760
667 873
366 493
156 176
785 909
519 316
752 766
556 7
