1000 1000 1000
796 700
74 420
746 650
24 370
972 788
861 889
24 49
60 714
694 859
211 449
355 320
960 448
62 519
289 697
155 743
301 853
892 515
317 741
710 521
328 401
110 507
418 627
388 3
900 649
52 464
490 89
641 342
28 283
418 64
293 623
195 542
404 964
421 532
909 269
411 973
321 575
218 5
32 407
284 505
257 892
110 848
780 941
749 268
434 108
31 802
768 860
317 4
888 434
497 549
65 727
713 185
102 987
220 253
172 430
893 167
722 917
640 166
96 442
582 162
990 755
41 755
595 771
198 729
27 68
18 892
31 696
284 127
309 354
399 510
136 219
410 84
571 481
798 391
444 977
382 296
186 248
402 239
874 205
242 379
338 933
701 258
149 133
726 761
23 321
71 446
380 968
155 352
336 964
917 238
693 832
858 724
928 670
929 190
919 539
848 246
898 722
318 598
724 619
108 293
439 264
837 497
699 321
133 72
926 348
63 187
259 665
762 288
981 849
251 835
574 335
165 218
808 341
48 172
981 823
189 778
706 560
66 918
192 137
843 480
980 224
370 881
723 598
998 893
872 874
40 293
305 941
312 706
171 812
520 677
794 156
513 800
899 673
497 720
101 511
664 926
556 522
519 807
310 896
185 231
714 162
148 327
777 287
884 565
959 140
262 948
398 377
788 843
208 531
338 530
728 894
971 124
912 245
673 980
510 632
238 650
516 290
536 887
154 12
935 824
624 395
256 571
559 413
873 746
873 448
522 893
713 429
171 898
146 404
151 318
740 763
538 497
618 538
173 159
67 357
747 403
865 179
489 108
243 977
243 147
288 169
926 758
128 59
647 39
473 725
82 733
844 933
62 333
439 900
145 800
862 699
761 903
517 172
510 142
446 113
340 568
34 207
670 125
650 507
876 769
477 591
960 856
77 649
953 509
102 33
621 858
943 310
753 379
101 83
434 613
519 378
310 10
440 590
387 66
594 170
408 368
761 940
754 605
162 561
694 738
485 464
996 264
723 604
820 27
327 523
57 638
513 31
508 970
861 898
766 725
238 107
120 158
80 627
430 556
871 142
437 924
92 370
132 942
579 125
314 583
817 970
968 563
223 844
543 477
5 730
315 738
35 325
14 288
296 60
844 996
262 419
523 909
450 631
196 686
683 175
975 721
344 648
845 376
65 567
657 667
813 372
639 482
784 364
147 992
120 942
399 897
171 642
28 909
106 50
717 266
803 64
922 525
844 456
644 183
817 553
674 548
315 426
757 27
71 948
247 163
463 126
806 980
866 777
552 583
599 820
95 442
376 12
159 697
551 661
428 465
301 375
341 466
366 195
128 925
779 348
841 685
243 875
407 142
939 356
272 75
600 118
787 236
132 40
936 965
595 37
550 348
361 811
956 936
789 109
443 457
182 377
393 479
845 781
875 66
472 770
564 387
8 7
193 431
781 982
500 159
757 190
61 597
840 791
519 272
733 902
834 879
863 77
688 725
129 686
857 207
878 282
368 650
148 62
816 455
892 136
860 910
636 142
823 420
640 359
702 746
980 960
365 778
6 413
523 630
78 115
329 686
829 83
460 953
841 254
645 139
660 490
872 937
690 803
493 40
124 797
71 223
987 740
243 325
945 965
749 738
60 665
887 760
369 804
807 784
616 862
586 94
126 851
750 915
546 702
584 950
464 962
768 455
595 834
113 391
865 784
267 689
61 101
95 763
67 405
693 701
882 869
443 967
848 458
950 679
167 725
813 18
913 37
678 290
72 758
768 277
742 363
78 405
728 73
459 972
747 377
243 557
845 407
802 900
244 55
220 710
98 947
636 27
524 670
821 18
555 445
78 926
671 265
757 250
71 638
19 257
224 847
622 742
933 878
341 872
682 223
788 750
236 280
304 496
213 518
514 155
281 812
627 448
33 361
515 328
61 251
729 4
54 758
287 321
37 363
804 751
853 365
430 249
477 624
573 562
168 261
702 385
643 392
588 804
820 771
343 162
186 617
945 981
699 991
21 355
236 563
959 936
521 175
426 930
849 895
579 656
419 817
202 628
227 858
490 929
97 12
651 498
534 963
179 706
480 731
558 809
199 804
817 879
219 109
48 191
529 194
777 835
650 366
758 0
170 464
931 673
374 818
130 257
612 28
789 948
352 170
811 916
594 986
595 204
367 356
806 326
427 326
82 306
821 258
974 375
338 935
925 630
622 604
366 370
796 661
320 10
425 416
168 300
827 476
759 390
564 329
688 472
666 204
669 665
769 448
160 685
620 705
670 169
856 370
696 529
380 5
760 209
316 31
748 904
408 830
91 107
167 575
94 537
509 79
990 899
124 822
549 809
574 721
972 163
492 166
646 969
536 694
867 694
758 177
804 781
776 949
531 454
957 701
142 962
490 700
29 699
974 236
95 796
987 997
605 48
324 46
774 616
491 511
55 462
186 175
279 531
235 281
315 623
239 779
660 157
968 396
65 223
981 880
451 587
669 580
624 24
797 481
737 914
458 949
458 243
396 393
646 430
403 750
56 696
15 716
249 982
987 840
538 765
676 977
722 542
301 118
602 337
350 572
140 106
682 18
559 480
210 467
350 468
156 31
218 786
525 511
201 368
887 377
386 448
575 164
976 869
589 752
880 969
177 527
368 661
858 843
568 638
268 15
314 877
918 765
444 438
7 376
511 691
915 240
852 273
401 182
40 403
910 219
813 930
36 847
939 295
790 704
509 841
439 576
9 93
378 279
55 548
75 289
869 885
983 760
884 146
539 456
57 705
766 413
481 363
733 790
589 504
569 313
455 164
422 66
251 658
668 946
777 288
316 963
225 650
889 391
475 830
113 939
356 392
502 20
958 471
15 897
196 437
242 688
626 532
823 341
959 86
893 321
784 722
228 301
445 829
509 121
540 701
352 951
946 710
960 696
933 444
238 100
203 764
845 657
594 663
440 292
320 880
508 24
661 970
610 626
908 505
278 30
723 402
448 251
36 944
168 897
667 144
539 680
695 431
74 922
428 437
531 532
389 230
792 250
144 982
959 272
249 65
579 262
74 65
808 114
104 455
660 45
17 47
136 964
537 251
409 382
450 392
142 527
542 485
985 979
35 629
191 629
568 712
53 33
571 366
490 493
465 210
592 447
704 453
819 671
359 958
887 865
582 723
46 36
697 641
770 323
576 656
627 138
889 856
824 208
507 35
744 182
802 95
431 841
667 583
146 99
37 785
762 78
289 32
287 141
255 577
982 806
177 65
596 247
307 16
650 227
915 15
646 583
705 51
44 596
684 952
443 694
435 896
506 83
239 295
664 840
81 116
63 667
555 143
73 92
997 225
452 8
695 961
950 487
319 543
66 889
806 889
163 732
645 699
112 479
612 601
752 704
711 41
743 796
701 799
757 574
935 174
667 837
876 694
168 334
999 374
818 515
408 334
285 491
700 377
961 911
979 28
886 200
739 597
884 733
283 689
262 865
807 631
375 925
37 889
868 673
872 889
719 147
773 596
397 461
729 229
211 500
851 688
939 548
608 907
340 101
784 57
739 1
819 639
596 305
378 503
502 521
5 679
852 168
356 566
385 980
948 576
507 698
240 80
712 493
127 174
861 208
693 422
855 337
863 73
242 966
561 787
882 661
290 485
400 889
273 676
597 351
614 999
529 795
471 204
395 248
661 340
950 31
547 913
623 647
12 746
553 201
247 51
429 704
727 334
677 321
11 938
211 687
43 836
708 583
128 130
249 399
837 836
743 573
653 379
345 680
836 802
621 559
304 124
461 776
443 378
962 105
537 97
357 904
521 20
175 526
946 752
938 194
202 729
490 736
785 839
31 433
982 192
868 848
692 152
416 254
267 998
434 844
974 116
197 408
576 561
313 973
162 159
148 903
129 573
78 567
297 81
383 24
824 565
509 213
779 3
823 389
141 340
70 706
692 510
609 903
254 829
375 964
147 46
966 862
500 168
791 291
713 899
268 387
344 11
455 90
893 351
874 964
616 382
274 125
904 912
593 533
52 812
534 330
603 765
838 527
57 627
679 561
646 667
580 194
408 725
781 298
487 839
654 143
646 549
131 830
414 71
460 526
451 928
461 754
940 266
449 52
512 277
295 796
611 534
160 457
2 701
89 886
660 870
659 177
117 568
303 217
606 15
928 590
511 68
720 737
277 862
493 503
724 361
180 321
462 987
216 862
204 854
176 629
618 505
75 812
480 16
544 323
141 136
172 126
896 182
9 23
939 876
373 335
420 397
9 715
357 221
414 344
157 696
918 984
836 123
249 151
702 282
303 118
369 403
576 954
427 394
525 866
482 842
81 178
173 185
78 714
322 562
911 8
334 369
577 595
927 549
960 630
118 148
513 933
6 169
288 799
927 749
921 282
722 197
123 401
947 285
854 794
575 109
554 242
724 629
91 798
558 18
725 415
28 724
506 908
526 79
653 651
893 62
282 937
417 538
540 909
311 294
16 101
582 275
203 88
407 131
481 599
643 347
402 755
327 189
45 388
472 649
503 931
596 368
65 583
707 762
169 509
