850 920 1000
83 568
740 699
33 518
690 649
94 80
188 673
88 152
111 56
231 249
20 422
698 915
100 867
65 887
745 657
381 341
74 390
342 475
814 56
95 504
166 728
244 336
728 387
710 0
526 661
775 718
133 690
629 159
832 543
772 689
656 811
405 630
819 122
270 400
556 909
53 434
247 333
314 613
74 501
325 350
390 805
278 919
353 791
344 269
636 372
382 728
683 783
711 255
702 664
504 135
96 584
136 396
532 95
849 95
431 170
280 495
664 52
782 185
748 141
816 312
485 636
170 10
546 66
552 805
696 313
537 390
703 721
98 566
279 497
268 751
670 731
648 737
598 517
402 760
316 86
815 300
728 393
559 282
722 468
445 762
375 133
262 156
552 24
457 651
309 844
326 839
421 127
682 808
845 881
370 626
450 911
426 856
426 465
383 498
181 356
442 704
669 165
838 254
341 699
0 650
155 484
63 177
46 619
179 407
371 6
2 856
478 825
373 511
332 236
572 842
396 513
224 774
576 393
548 743
287 339
180 121
383 553
90 364
98 643
659 345
371 596
682 898
717 75
387 107
341 758
472 786
199 74
236 699
315 803
455 471
836 493
661 565
790 213
425 568
462 845
236 456
807 494
172 721
387 676
771 897
146 452
323 634
507 329
281 456
451 674
809 92
250 559
724 670
676 733
153 340
303 652
488 243
240 768
2 637
815 113
645 520
310 162
428 245
623 392
769 294
672 885
430 324
383 43
670 577
689 688
273 119
500 243
691 702
848 755
194 688
701 425
478 458
586 865
493 630
246 238
771 99
536 710
747 201
368 535
198 550
446 866
401 391
100 849
574 662
841 570
832 129
341 428
72 557
485 513
337 428
44 180
828 118
492 484
834 316
321 804
280 282
486 378
97 786
26 682
382 686
663 261
127 877
778 601
613 96
401 395
254 513
694 561
29 869
806 854
157 293
305 185
195 394
219 319
766 401
601 268
599 489
458 238
505 841
387 153
228 114
759 124
551 551
332 378
671 436
535 320
38 314
812 226
546 748
18 665
673 300
23 278
742 167
835 12
76 361
404 679
534 408
558 182
679 376
534 381
101 79
753 272
300 723
349 252
524 792
271 725
818 342
91 39
291 803
618 686
741 793
44 861
784 94
452 363
649 732
744 323
496 736
29 892
63 656
394 316
9 688
111 445
402 784
696 8
580 642
616 570
21 290
137 99
184 782
375 241
105 51
815 314
727 671
780 138
118 865
544 461
104 217
113 375
301 144
703 457
143 221
645 45
545 805
793 249
239 808
392 819
233 426
718 545
451 155
538 825
139 873
653 275
92 609
447 747
695 616
449 456
464 296
123 596
735 502
93 876
113 504
601 88
267 227
538 303
386 298
202 305
404 538
221 627
427 666
500 786
253 538
520 760
431 743
88 459
494 253
314 56
283 467
541 630
520 268
731 73
445 318
237 569
604 741
36 582
673 748
668 354
770 66
828 99
365 892
287 48
821 272
356 814
763 908
743 414
721 545
609 35
506 52
686 510
110 754
231 598
301 328
474 583
630 171
282 481
117 96
576 834
174 104
732 557
550 418
410 804
408 759
328 71
292 720
477 485
61 683
575 173
116 666
282 692
216 397
394 554
428 455
147 358
407 683
1 87
172 635
151 611
566 659
12 85
824 492
834 761
137 230
443 188
627 736
143 494
689 317
322 561
164 154
581 768
480 764
620 690
495 72
323 674
174 891
758 804
311 232
470 55
343 639
506 827
720 3
277 889
248 739
535 213
43 364
334 80
148 84
97 899
520 454
135 664
808 298
65 321
747 148
452 420
347 301
377 249
335 739
365 366
133 863
427 616
26 661
275 36
596 506
191 516
848 200
21 99
669 479
608 800
410 78
681 434
796 689
476 147
79 717
532 847
32 10
355 246
273 870
268 526
650 912
435 200
485 659
417 639
497 209
449 432
604 698
675 628
717 773
377 856
236 13
131 655
492 54
173 569
721 357
481 807
111 806
411 538
337 148
239 483
736 89
13 735
341 324
409 141
149 477
230 848
11 19
790 904
587 31
275 566
681 201
128 829
357 251
531 362
294 802
305 87
149 103
734 443
580 492
396 491
319 425
41 457
239 820
106 428
170 90
529 417
111 547
283 916
405 601
13 819
177 340
576 477
414 811
281 748
675 332
842 78
146 26
3 369
444 480
422 825
264 864
317 525
707 175
643 398
359 727
749 157
108 87
433 648
20 779
628 272
779 665
742 37
621 446
458 776
669 802
46 844
706 405
759 62
335 65
539 597
137 821
307 911
721 330
175 517
565 46
247 295
310 525
841 335
397 688
92 465
608 203
816 87
795 394
185 252
356 243
684 565
175 200
521 468
469 773
492 339
254 88
393 709
790 853
422 672
279 153
192 837
621 882
583 273
213 399
462 2
27 438
65 151
460 572
488 878
634 291
62 529
531 157
547 101
764 762
99 36
222 779
590 867
260 833
796 495
802 245
296 719
248 103
464 406
402 317
828 838
377 385
427 381
833 877
758 175
177 668
506 473
298 396
138 786
695 759
141 148
65 300
381 80
51 585
1 64
155 367
839 17
628 446
756 806
323 145
330 829
55 712
675 791
256 751
796 598
6 759
638 107
44 744
555 735
67 373
357 442
489 682
687 198
636 885
269 175
192 736
666 647
722 405
826 35
582 810
558 545
699 565
22 156
517 412
704 379
332 910
700 809
781 520
614 598
131 539
506 825
353 288
425 598
221 213
493 243
433 143
732 782
197 361
522 590
550 295
647 461
137 155
122 893
122 549
259 559
117 187
482 886
626 381
591 310
819 611
269 358
698 504
249 0
839 27
819 5
4 87
624 758
466 863
197 774
292 855
709 137
205 228
612 756
785 733
344 302
303 235
349 845
202 342
187 648
454 654
846 428
288 205
809 168
820 42
519 914
242 555
170 457
726 775
38 55
758 113
608 615
27 886
731 888
164 346
190 364
146 124
831 20
318 510
360 630
353 489
765 401
435 195
661 836
669 809
200 813
661 270
406 356
48 806
434 617
171 814
638 758
469 297
96 134
595 526
460 780
558 226
453 283
125 606
620 474
485 520
80 25
429 889
443 606
776 590
412 765
374 764
496 398
579 363
603 384
59 409
280 522
405 496
70 666
183 65
169 589
583 619
597 752
315 644
608 693
203 586
472 912
51 564
287 12
413 708
364 64
743 661
813 587
22 865
548 458
250 807
244 54
242 189
24 137
480 437
317 358
378 808
148 86
636 693
303 502
568 751
45 294
190 606
477 264
242 425
403 38
277 494
605 171
365 779
103 454
73 401
470 193
180 485
773 30
33 636
142 506
277 182
670 772
619 330
803 279
397 418
427 397
390 41
591 895
106 587
129 721
568 5
708 795
832 527
404 286
169 517
785 887
778 138
326 787
610 709
344 711
544 208
76 93
208 404
481 772
791 752
1 123
336 804
502 369
798 737
257 396
618 302
726 324
521 521
382 580
587 637
709 833
491 405
587 606
481 547
439 10
749 43
80 24
528 20
296 212
517 654
412 361
11 414
334 666
477 367
538 892
772 321
404 550
209 234
583 446
107 395
84 388
825 880
233 52
556 582
586 598
630 94
355 642
805 133
672 69
585 17
119 209
834 94
823 731
335 430
382 625
378 904
551 823
673 346
588 769
369 320
843 695
379 906
619 546
531 158
725 196
220 510
359 265
293 343
643 799
617 114
24 356
495 595
129 57
394 796
84 150
637 487
163 521
41 836
715 820
172 770
269 67
469 376
200 325
514 486
761 365
158 159
776 245
575 802
745 76
433 722
701 270
363 895
432 905
60 160
247 158
452 605
796 66
671 246
374 668
592 301
573 599
676 714
725 6
232 818
593 77
677 297
6 795
846 799
616 74
369 619
176 95
223 548
583 209
544 2
485 561
636 585
793 274
196 848
621 149
713 199
261 721
203 828
434 752
161 2
253 863
113 57
381 274
434 187
359 722
566 448
110 13
84 164
792 799
104 863
588 36
846 33
591 662
285 541
158 428
359 919
680 806
540 500
697 521
351 355
281 495
220 899
648 596
359 166
481 557
655 272
443 386
130 84
721 218
727 60
154 706
384 646
12 806
64 264
702 633
80 190
313 424
825 118
763 435
463 30
326 419
723 388
35 371
57 876
559 503
165 629
452 880
111 768
436 595
830 442
155 564
417 48
425 788
106 729
475 586
580 285
407 473
711 660
843 810
218 445
635 460
813 329
265 66
203 562
806 605
66 881
717 696
133 331
293 772
350 835
70 472
445 267
273 168
651 807
280 839
43 367
747 160
76 89
9 856
830 433
473 120
838 536
438 211
480 462
511 223
198 801
676 214
79 775
217 904
697 753
361 760
605 803
563 591
471 389
260 526
43 385
512 871
428 277
255 534
45 546
322 897
792 868
434 51
194 729
198 572
252 873
713 591
625 425
664 870
727 790
322 149
518 229
288 536
356 197
598 770
168 529
223 455
671 300
687 662
836 551
626 35
450 282
135 754
808 473
113 180
