1000 1000 1000
81 589
292 826
31 990
539 242
776 145
419 207
995 988
699 213
683 5
429 518
162 724
168 287
501 12
443 710
541 534
2 640
8 991
493 839
493 869
506 264
656 319
470 65
366 636
718 28
187 346
462 154
972 184
616 343
126 219
44 837
154 987
998 968
252 138
48 369
986 246
339 941
320 965
737 643
238 72
312 463
17 251
465 175
39 341
99 372
430 337
623 827
556 452
801 900
434 78
139 435
118 355
557 954
788 640
965 426
754 591
48 823
637 737
128 75
144 201
68 776
72 285
883 532
525 241
124 121
852 18
601 535
235 109
372 817
627 650
711 455
181 90
396 395
342 615
360 410
791 518
235 336
83 471
908 662
577 337
71 174
355 77
459 12
964 760
424 241
504 706
398 474
821 817
487 51
871 103
617 667
26 49
605 92
374 852
895 999
581 99
599 323
681 347
678 615
331 579
84 494
598 733
842 72
814 841
715 295
203 225
137 629
190 316
201 454
261 583
102 86
395 411
809 327
620 469
132 837
382 409
974 325
506 486
978 287
52 446
35 783
808 645
87 178
865 651
549 896
636 591
876 127
714 61
564 942
597 505
165 567
186 475
269 877
16 431
153 303
471 197
410 237
371 93
385 976
872 436
189 754
975 989
79 546
989 734
612 926
719 961
276 790
812 249
692 753
328 221
845 787
324 477
529 90
548 799
951 37
215 663
327 412
460 461
81 405
888 749
752 533
68 223
803 540
785 604
359 789
450 295
747 901
574 416
369 922
669 315
722 611
874 206
266 929
768 82
371 287
418 852
693 852
179 380
974 719
212 970
689 540
650 619
72 452
276 913
119 707
688 571
304 159
607 255
827 929
850 943
376 939
820 585
783 643
263 52
115 669
25 357
958 563
223 203
837 89
769 526
23 647
402 879
333 861
867 64
270 645
243 642
966 385
307 907
390 85
813 641
420 132
569 658
167 182
68 948
793 178
685 418
599 130
268 804
188 613
568 884
792 126
519 257
171 171
408 695
247 142
303 386
152 984
202 145
223 698
631 590
679 268
977 202
320 677
171 184
552 642
270 672
736 54
928 714
233 756
929 999
657 598
172 10
797 223
56 415
360 846
115 6
374 481
623 567
645 584
455 375
567 836
578 377
101 948
470 195
775 665
912 802
501 598
603 905
141 566
862 530
76 680
683 621
869 925
730 685
466 826
681 541
820 806
183 716
5 180
648 348
268 959
549 404
709 332
804 637
344 271
824 197
853 658
989 460
60 747
977 461
707 259
345 225
559 132
540 94
764 889
688 679
993 179
512 384
841 505
156 979
738 699
46 608
152 193
304 934
333 189
531 406
294 161
24 314
887 668
218 767
428 382
963 993
927 474
589 398
262 311
803 674
985 231
834 227
587 350
582 491
43 483
692 354
41 526
306 573
10 94
646 378
925 201
167 231
560 689
257 420
174 585
405 889
511 191
712 369
215 588
112 91
697 728
415 584
531 765
877 727
658 500
106 678
751 939
481 494
665 959
798 802
500 334
676 53
85 0
813 156
213 439
316 344
837 910
721 550
476 833
240 752
586 15
725 132
975 815
267 765
476 966
439 442
689 754
782 510
495 381
84 146
222 409
124 636
965 830
571 572
937 940
400 289
107 460
319 844
152 408
240 528
789 419
473 918
21 252
821 64
842 820
868 227
184 935
278 443
619 216
731 144
583 489
566 762
492 740
841 531
905 398
555 621
926 13
467 676
127 717
140 827
301 127
659 180
264 528
963 995
729 236
616 170
183 757
763 124
935 787
450 637
820 884
63 812
503 887
803 972
593 899
185 741
652 355
367 218
357 384
373 241
233 801
100 791
909 599
954 714
463 181
365 18
877 330
686 497
569 73
787 488
324 42
752 428
669 403
593 220
990 277
155 657
315 257
655 704
732 2
421 428
720 792
292 498
336 752
151 743
987 96
484 386
141 631
76 337
569 955
414 317
692 518
565 800
302 383
88 143
625 178
978 947
805 337
850 949
171 346
652 378
726 61
823 283
398 990
171 115
579 571
612 642
400 335
983 38
767 431
278 588
763 848
960 782
680 790
116 499
228 513
966 495
674 468
480 743
311 888
114 339
664 398
721 773
186 675
896 156
551 648
379 258
505 169
259 258
16 393
385 196
42 670
852 458
530 405
651 142
171 757
309 164
953 342
140 486
91 291
209 906
275 869
381 443
597 223
367 902
501 625
360 289
277 984
81 466
864 854
623 270
199 545
143 706
746 940
228 359
971 553
453 33
499 537
789 362
463 380
558 928
357 788
165 186
165 822
334 74
435 993
841 841
190 663
7 757
19 626
388 173
86 920
53 408
22 679
961 115
618 223
382 506
861 806
408 837
978 297
250 457
265 738
947 393
708 569
553 857
516 760
493 495
360 997
356 919
398 198
883 903
446 370
664 347
913 934
797 499
833 99
258 613
24 470
726 31
340 338
935 384
124 441
781 34
222 37
995 151
407 123
93 550
670 715
338 27
193 641
211 199
742 132
62 334
720 390
993 789
867 555
514 400
642 159
484 491
38 348
221 377
321 69
9 662
504 807
792 392
462 421
768 594
193 698
368 301
493 290
854 102
601 633
58 435
308 917
806 951
179 381
681 604
749 647
955 354
991 513
285 450
844 378
893 195
930 643
154 946
903 827
277 715
981 251
772 797
226 155
169 535
918 605
435 774
25 705
979 968
552 649
57 20
829 836
435 493
56 979
660 957
220 203
688 645
388 66
28 134
503 430
177 444
428 326
347 627
749 207
699 622
703 889
21 477
720 798
744 954
398 563
733 222
704 583
641 349
614 251
557 575
826 37
466 813
387 142
108 337
188 738
957 489
612 506
800 176
867 551
563 222
115 9
997 956
999 344
968 866
755 471
216 574
257 268
439 765
24 362
154 536
465 499
118 773
696 231
509 618
573 113
237 910
982 229
506 141
245 114
391 831
706 69
415 824
814 612
832 85
888 220
416 783
32 263
461 585
585 333
10 863
336 37
588 97
35 59
340 344
138 598
413 995
327 331
738 628
250 21
852 723
753 826
389 734
49 181
733 178
343 57
674 953
872 950
791 771
811 868
286 14
431 22
157 201
490 999
633 847
219 636
937 129
234 460
860 562
341 359
473 220
370 353
240 102
722 962
472 511
981 652
244 854
99 590
547 105
135 443
634 18
413 61
323 837
373 438
519 975
144 739
570 799
6 138
146 275
960 572
451 263
92 752
794 176
938 227
984 537
127 742
830 607
232 597
596 570
416 531
386 532
420 242
683 234
231 992
970 7
577 176
534 397
705 335
87 298
694 408
940 581
401 65
731 688
425 264
184 125
753 775
815 883
278 974
719 70
71 482
671 88
34 536
814 236
213 329
429 87
870 926
785 750
123 760
17 655
244 999
988 475
301 213
574 99
610 227
763 765
90 287
123 960
162 956
6 598
642 338
791 149
176 890
586 314
513 982
802 944
511 907
558 49
217 152
567 880
952 783
683 715
101 463
996 3
583 139
837 348
165 245
653 177
9 276
47 771
38 668
409 426
877 311
408 48
847 467
80 417
430 476
609 275
180 861
479 901
193 881
83 772
565 580
760 159
108 885
62 437
665 292
519 448
1 305
7 431
226 172
230 274
473 372
47 382
951 643
996 416
314 22
142 249
387 182
831 522
441 566
946 220
59 431
293 208
87 349
875 982
615 194
959 32
451 745
503 170
336 152
192 526
711 786
172 644
450 63
731 348
354 385
61 730
762 630
828 630
608 29
350 243
990 785
583 334
992 436
20 204
419 811
8 296
616 322
138 7
860 765
934 517
928 247
742 28
773 667
899 708
147 796
576 292
38 13
358 332
223 538
422 561
393 620
662 657
873 36
937 508
376 374
665 424
598 69
296 648
371 179
157 246
37 445
909 799
909 85
885 209
349 326
685 127
412 726
344 500
973 250
44 801
291 612
296 985
798 161
798 837
655 937
658 215
687 159
252 344
606 850
472 248
933 546
546 655
187 59
509 556
560 490
846 742
664 125
959 587
431 920
221 711
3 870
670 131
973 245
102 776
994 947
149 603
192 555
383 300
622 626
362 18
663 805
613 803
414 734
265 713
394 482
293 400
533 362
801 960
34 215
32 93
998 89
722 498
924 776
196 703
54 79
290 6
949 682
498 784
27 925
142 796
386 9
577 15
690 73
770 862
505 99
898 429
103 747
6 68
62 598
694 480
0 114
600 488
110 205
52 666
207 698
415 199
73 370
679 944
715 259
251 279
507 686
410 375
510 270
602 389
829 244
945 667
14 314
173 33
787 991
928 527
840 467
518 724
425 203
919 521
851 199
620 889
318 630
798 360
476 307
267 850
824 53
570 237
982 516
360 577
293 867
326 253
56 829
907 950
668 340
53 243
810 847
434 346
574 286
87 708
470 572
339 439
684 198
778 43
490 525
613 922
160 560
313 595
301 394
974 290
663 353
894 20
385 705
780 794
407 953
851 135
203 322
98 985
418 527
800 662
57 284
606 755
250 63
