850 1000 1000
732 352
420 211
682 302
370 929
161 877
635 915
342 39
6 747
120 206
434 359
760 619
55 466
117 401
403 676
754 389
770 766
102 319
405 135
221 223
551 879
818 612
144 252
555 111
352 468
339 797
42 327
642 192
10 88
656 936
352 660
258 609
744 549
662 509
536 511
337 506
767 630
249 603
690 57
182 850
149 236
197 465
563 596
73 853
747 472
594 316
394 413
156 28
285 581
62 96
61 226
463 924
455 303
691 280
300 501
21 483
751 309
363 627
73 245
771 835
422 396
738 863
499 804
172 945
125 174
243 754
687 450
577 427
445 56
163 103
383 634
294 927
433 844
550 357
725 422
595 286
285 895
754 878
627 925
621 211
30 10
640 223
256 95
98 703
345 677
228 998
258 724
228 793
109 161
80 91
656 206
834 876
530 128
426 427
492 44
325 897
113 744
7 88
148 210
294 368
189 904
144 646
632 640
456 937
253 504
270 963
377 347
308 782
418 481
726 281
639 792
823 822
456 395
544 786
189 419
698 476
127 267
189 307
80 883
505 409
471 628
252 581
664 678
184 637
686 153
159 537
225 219
227 151
676 882
43 209
79 416
171 15
390 703
221 605
828 758
441 78
596 704
428 821
269 341
425 144
598 979
499 984
535 750
183 174
335 527
679 625
427 702
643 640
407 729
468 474
180 262
197 208
155 703
291 143
252 397
345 619
125 156
161 755
391 228
267 165
75 638
204 609
289 655
180 925
843 766
682 248
665 227
835 177
847 844
293 42
633 351
345 274
707 125
313 914
309 755
786 332
77 88
703 704
311 622
605 123
426 8
731 455
750 845
100 36
782 141
681 252
382 983
274 121
699 413
228 383
552 298
490 895
116 223
45 917
250 521
612 901
732 840
240 613
80 462
266 107
628 507
528 217
691 595
582 923
581 183
668 556
537 136
418 653
752 308
493 906
696 353
716 602
593 7
726 663
744 415
815 610
790 509
541 297
718 428
658 986
818 783
277 878
727 282
846 19
582 914
39 761
117 785
116 354
375 47
635 970
603 877
285 589
100 563
702 194
348 701
276 900
161 928
469 682
750 312
508 64
185 510
430 284
703 824
658 315
650 72
674 133
382 759
435 660
403 647
119 794
47 79
668 846
190 239
530 45
304 831
297 400
569 379
723 640
393 864
693 614
5 914
732 625
101 20
9 796
402 877
532 212
40 25
351 106
35 157
683 698
638 58
743 849
765 636
384 451
329 9
4 99
136 956
766 337
249 635
17 387
785 4
625 165
411 715
18 618
620 899
12 580
394 851
166 461
70 904
380 733
761 350
462 197
652 658
460 238
625 845
264 789
821 834
185 504
575 242
113 253
421 509
155 203
104 955
763 462
746 541
415 341
226 222
443 155
33 856
299 770
186 345
586 134
159 705
20 328
162 85
235 742
657 455
725 17
380 319
480 907
44 980
666 350
65 712
65 688
579 444
48 497
726 253
308 977
561 793
450 502
486 935
764 880
55 217
98 377
354 807
23 132
843 742
408 585
529 571
52 377
518 880
126 437
748 250
755 987
222 583
649 39
561 590
212 573
399 318
262 434
374 902
702 361
671 367
127 346
167 103
802 824
387 349
136 378
752 698
331 384
832 451
593 707
92 381
275 294
362 912
684 386
296 656
103 546
678 558
35 865
724 252
353 457
420 784
519 721
841 876
524 337
443 731
142 941
346 139
183 184
52 365
841 286
37 904
200 869
311 553
453 118
380 91
253 586
458 54
25 603
134 685
77 94
224 90
248 863
150 498
391 517
683 874
330 653
372 793
25 610
596 442
309 287
92 300
758 93
700 436
705 123
482 189
670 403
29 825
761 92
397 558
406 515
37 604
798 709
330 188
10 717
75 478
717 979
320 586
364 601
50 605
521 864
520 32
630 466
556 382
96 831
207 754
772 367
166 153
622 34
12 339
849 962
283 675
149 46
295 973
524 549
324 544
104 169
67 549
384 55
2 679
151 350
182 660
471 437
296 928
751 592
359 813
490 245
423 133
422 990
768 166
293 750
159 211
585 630
95 793
743 832
670 500
414 318
335 379
630 64
663 703
82 619
754 450
123 241
415 680
444 408
105 748
206 743
1 101
22 868
820 609
498 150
488 428
554 488
608 175
494 82
242 310
807 495
678 426
478 37
818 994
331 524
702 839
650 805
246 92
729 922
774 420
158 939
393 94
55 809
713 302
560 644
426 871
831 737
829 713
379 946
493 408
210 580
768 346
276 794
258 105
649 531
644 640
209 956
17 183
123 788
680 159
403 376
201 728
761 419
14 197
580 756
215 833
384 539
484 471
281 362
445 314
567 657
832 947
697 737
439 720
671 758
397 341
2 469
588 810
449 51
384 44
752 895
562 309
79 905
342 650
29 357
387 263
17 568
177 33
436 534
712 134
163 971
6 47
567 585
85 449
273 786
385 352
712 835
603 673
185 843
289 911
745 216
723 525
161 17
310 111
619 452
838 457
193 357
477 977
58 129
335 538
497 237
797 428
92 170
722 296
708 806
663 808
449 769
333 251
640 412
44 906
114 609
482 78
454 634
232 551
329 128
383 225
838 246
48 198
239 667
311 736
498 750
817 56
428 118
522 229
197 488
501 20
810 487
772 917
544 517
458 414
88 354
390 726
684 197
731 103
826 568
109 303
123 782
778 983
496 604
484 262
414 541
386 808
636 768
680 139
103 494
181 168
228 753
691 967
181 578
197 19
323 663
249 461
359 341
570 796
114 477
612 299
382 140
639 481
627 96
415 378
199 605
97 387
638 78
713 170
222 397
43 194
700 776
401 675
295 43
704 526
245 665
322 112
634 667
162 966
686 343
433 494
608 842
491 33
63 560
418 139
799 503
355 639
564 408
104 356
390 918
758 931
21 620
462 785
344 283
357 76
529 767
180 312
372 348
703 521
163 755
691 866
726 376
544 362
367 474
248 491
63 614
718 873
781 161
371 552
436 302
698 816
461 383
720 449
78 547
8 124
32 399
122 399
707 523
597 490
819 872
431 944
551 264
159 432
79 526
702 835
326 191
5 798
622 494
644 948
543 871
79 695
490 123
363 465
746 933
506 714
787 822
600 528
62 626
432 671
654 850
443 442
702 77
103 299
210 435
95 284
133 827
134 181
381 146
328 301
496 976
165 760
773 727
594 13
404 497
656 61
279 89
415 248
298 750
3 737
178 310
257 825
622 385
471 159
622 957
413 543
165 347
16 201
784 47
607 38
523 267
85 273
394 145
705 422
783 898
508 658
658 99
655 746
251 658
384 656
500 125
28 709
419 972
700 411
2 14
123 248
647 681
107 427
165 100
62 871
283 686
245 759
826 415
340 823
318 280
197 579
345 479
833 590
228 601
584 340
205 983
478 903
290 117
568 28
459 158
756 774
258 127
123 7
425 794
175 983
580 926
558 186
768 745
554 168
539 499
103 799
712 854
643 482
469 59
125 297
709 898
600 240
637 88
592 80
668 653
62 885
351 490
745 866
563 685
675 520
759 828
20 711
301 913
506 372
192 176
408 969
398 80
165 41
361 908
677 460
560 123
345 659
843 793
564 240
329 476
804 915
255 649
480 413
525 671
221 424
232 933
27 820
667 388
117 661
741 595
770 755
780 370
240 834
632 241
798 330
794 891
591 692
747 577
378 281
330 990
639 581
193 688
375 392
322 731
5 907
120 485
457 822
159 94
727 914
685 522
651 464
667 990
328 34
344 965
782 130
88 262
386 912
689 409
673 493
810 331
326 614
586 330
528 115
315 585
733 769
321 80
514 384
10 458
788 98
555 737
492 897
566 190
84 993
154 888
623 637
541 495
488 952
696 265
656 175
223 576
127 771
657 260
292 586
631 714
318 448
787 874
794 468
191 52
801 583
706 498
265 29
349 345
788 211
727 922
81 662
285 104
210 436
231 662
807 176
138 849
15 810
432 933
8 63
31 591
656 166
220 838
45 327
654 701
439 306
89 847
700 569
716 674
199 21
426 884
672 648
643 288
439 554
182 334
431 942
304 610
616 532
190 730
230 61
654 323
392 614
742 652
340 534
399 422
309 848
702 545
325 438
343 444
317 794
277 963
584 997
562 884
355 838
499 426
239 277
144 20
737 528
65 6
560 598
458 766
518 131
597 360
386 131
178 386
723 475
542 820
259 436
314 944
115 735
440 331
430 532
123 533
488 585
789 285
676 979
682 443
100 479
625 555
610 125
94 447
558 677
454 663
244 744
176 426
310 130
175 626
848 289
314 344
399 994
788 911
519 740
446 107
189 342
7 228
750 486
142 234
140 715
666 744
413 776
35 316
349 264
591 542
636 855
821 788
401 121
486 83
496 988
790 983
576 729
140 757
99 743
489 319
731 516
446 871
398 369
250 756
206 788
535 148
644 690
36 45
201 113
87 354
545 479
700 44
331 397
845 510
784 341
40 890
272 531
194 115
224 605
144 302
471 448
24 445
294 972
453 877
644 95
570 318
306 299
229 639
777 723
327 331
163 425
