1000 1000 1000
500 500
500 501
562 780
683 190
908 690
612 31
546 213
721 83
489 263
566 589
511 754
502 742
556 99
499 78
244 912
0 156
934 799
718 433
638 593
478 318
185 817
902 102
786 120
409 627
419 2
287 583
103 877
145 200
102 820
324 247
959 315
535 667
842 346
479 511
141 704
973 775
173 148
541 710
518 427
721 639
909 582
182 709
987 319
727 32
166 563
336 227
94 79
254 865
833 611
848 125
135 452
8 752
302 585
478 484
187 898
612 553
32 314
237 787
355 243
419 621
850 792
792 78
283 266
950 594
216 415
509 519
38 849
145 812
906 742
705 854
460 416
267 277
232 428
334 132
211 42
510 818
788 860
570 711
206 151
966 802
781 340
708 192
538 496
753 952
125 800
969 596
859 990
269 95
424 815
924 446
427 378
649 999
256 14
672 76
337 845
896 246
407 268
472 862
29 317
196 463
239 101
834 713
116 910
747 286
317 915
685 741
698 726
93 620
797 906
562 565
764 992
364 180
299 524
988 263
623 301
548 392
173 369
969 706
766 629
473 403
450 24
959 465
439 917
13 382
374 868
251 694
996 972
456 616
285 104
785 683
183 561
276 94
303 345
453 58
698 384
507 237
479 822
969 347
489 605
944 899
562 955
935 185
589 918
461 206
616 551
374 218
834 109
195 505
900 583
381 279
458 444
59 933
662 919
737 333
372 450
394 866
244 945
42 489
283 888
602 767
790 904
549 526
341 681
116 966
48 665
641 499
280 541
301 786
244 41
942 628
823 907
229 100
482 550
646 645
818 718
520 350
489 256
885 335
807 582
609 31
946 295
929 30
91 693
200 849
44 532
706 339
540 532
539 803
182 823
572 856
484 702
418 178
24 33
883 341
17 311
584 601
443 224
169 177
287 146
910 538
232 719
691 673
843 715
634 502
732 995
387 510
575 663
358 784
502 75
601 954
837 780
419 67
987 498
328 124
371 824
172 854
679 529
269 452
975 700
668 923
774 561
698 35
426 11
744 24
11 590
519 503
515 149
310 147
671 235
283 243
651 735
996 748
816 455
945 111
726 603
249 337
359 809
711 31
228 432
184 301
763 852
280 850
791 863
187 401
970 617
633 207
253 133
170 680
656 344
376 776
120 31
405 303
352 613
50 922
469 0
126 115
96 617
14 641
185 429
987 973
564 253
822 47
41 938
58 349
194 860
910 754
520 713
730 608
521 902
196 510
406 816
288 194
866 632
421 863
792 289
537 937
157 435
535 763
666 70
527 811
416 245
88 920
899 694
799 668
333 443
154 430
49 569
991 207
816 4
50 775
206 163
869 905
732 262
643 436
149 902
398 529
726 572
33 202
381 19
787 638
739 851
915 636
551 533
509 614
179 302
396 708
980 516
102 180
587 147
413 406
972 655
326 887
579 829
478 261
277 948
504 807
599 237
102 516
130 993
179 453
736 243
587 696
829 456
179 994
862 144
817 367
43 98
114 84
263 597
731 340
242 723
393 979
240 302
0 30
917 435
991 467
300 89
146 178
619 198
913 117
281 707
127 807
471 770
453 969
455 952
556 172
851 843
942 394
653 103
385 576
703 86
184 956
125 651
673 779
861 281
374 451
338 139
200 767
817 866
830 487
120 155
884 549
131 395
517 930
302 878
826 607
611 218
418 818
822 176
331 129
869 484
229 135
564 784
976 188
622 988
684 958
776 858
235 87
993 298
222 905
595 885
611 55
775 198
421 531
326 266
658 853
588 999
42 289
708 137
555 359
693 330
524 396
174 609
593 508
904 433
912 226
956 423
732 904
362 435
453 757
439 363
498 171
628 870
97 162
770 37
187 146
875 149
584 633
536 681
172 345
299 704
21 366
394 258
682 306
460 489
338 958
874 752
854 708
36 548
50 493
114 501
28 325
961 536
507 908
837 426
405 211
120 160
11 697
923 751
529 32
151 301
923 611
445 719
200 951
106 645
48 213
317 594
253 72
967 976
196 445
662 763
103 867
532 67
541 821
35 250
680 372
534 161
947 50
874 693
862 985
313 148
735 214
609 493
284 307
96 792
218 429
95 578
928 690
284 6
517 693
687 681
389 856
78 153
766 231
941 119
459 566
445 395
222 975
224 868
826 775
256 322
665 878
33 303
389 814
4 236
420 499
664 487
365 12
692 16
365 554
591 184
209 487
278 523
485 524
398 489
869 500
37 168
656 36
677 142
590 397
941 265
515 445
129 340
123 574
834 394
627 312
945 384
846 364
608 608
953 248
914 493
429 782
714 777
662 825
305 220
899 210
674 891
713 381
194 553
968 137
563 588
761 204
842 96
108 941
172 794
74 523
986 645
8 661
926 117
86 92
998 427
893 702
492 940
403 443
432 672
203 747
169 446
172 910
594 152
511 44
51 998
484 907
907 970
293 698
877 54
983 665
927 712
759 121
464 779
677 618
206 130
123 392
805 924
703 480
92 535
937 117
136 7
889 486
480 302
533 414
41 468
465 853
718 291
890 701
34 642
435 91
608 604
747 930
121 153
591 745
242 780
192 949
397 83
513 915
320 676
231 105
651 657
951 215
680 678
211 419
250 58
699 849
783 931
714 67
501 276
99 957
423 482
805 353
521 54
397 26
286 973
829 109
789 120
799 96
928 863
644 995
310 28
618 129
29 495
593 907
889 630
835 883
578 984
531 417
497 39
247 546
327 870
640 823
571 33
764 39
837 159
764 652
979 824
531 767
59 109
517 174
24 286
438 243
330 383
570 517
991 992
431 536
22 580
13 55
329 816
550 111
471 131
559 813
728 803
10 377
91 116
129 388
749 269
980 540
76 349
145 35
652 180
367 576
999 553
222 123
698 757
45 127
771 108
467 755
785 751
159 226
841 744
467 435
132 138
736 228
74 542
655 221
804 978
932 309
295 856
938 823
505 768
980 560
675 160
40 526
643 686
612 158
518 69
866 359
698 950
193 801
423 661
144 578
998 241
57 300
756 172
937 226
879 229
486 394
794 216
74 379
315 937
868 212
893 444
812 31
996 259
487 910
615 741
407 743
429 502
309 601
301 234
76 816
938 834
185 105
994 861
547 411
3 711
835 136
868 717
801 885
255 705
327 182
987 372
158 350
263 393
862 268
70 113
962 460
643 788
948 741
621 556
440 704
480 704
302 932
914 953
923 62
756 801
780 687
323 511
967 18
978 953
576 179
912 524
254 101
190 489
170 41
874 294
636 371
466 220
789 738
570 745
841 371
987 657
19 125
419 27
425 853
715 991
635 866
93 369
25 590
227 135
507 411
234 152
444 81
852 412
585 449
172 732
627 374
759 333
720 52
976 939
308 731
599 309
6 552
736 903
126 528
711 827
151 27
76 853
522 289
243 106
851 542
376 925
433 942
331 875
491 903
703 90
984 780
516 136
381 138
753 855
733 668
216 170
220 888
554 292
341 195
537 328
47 719
57 892
523 417
38 501
110 767
370 277
837 296
469 744
535 938
409 426
773 355
790 601
447 297
143 524
928 449
840 419
393 545
496 966
486 178
877 365
540 983
812 268
943 852
347 135
500 222
646 189
268 422
175 47
566 439
723 808
870 131
375 245
233 16
90 277
583 63
294 296
468 887
592 658
836 740
780 870
397 272
50 103
544 631
264 429
845 908
983 196
942 658
486 890
772 571
282 215
617 940
635 694
112 849
646 448
334 885
59 593
298 206
168 298
367 909
636 197
59 531
622 608
12 556
324 968
341 844
790 728
174 14
788 212
230 667
445 955
744 906
28 657
154 710
909 131
218 960
250 989
976 69
533 911
157 591
915 263
488 920
910 413
522 728
737 617
426 968
746 470
363 334
321 542
173 467
577 336
918 96
701 981
589 91
909 606
5 871
670 341
704 267
805 156
573 757
233 61
952 461
738 713
456 107
10 878
175 519
435 662
325 462
399 756
878 751
255 498
153 792
43 540
62 868
457 758
263 958
486 291
499 609
456 247
416 206
92 229
530 852
362 55
782 626
921 357
612 497
632 858
775 162
941 175
20 663
564 418
390 177
937 10
301 537
488 466
51 281
132 439
503 493
528 148
983 912
904 756
206 847
349 945
96 211
628 923
75 43
447 370
254 184
217 682
276 146
19 53
853 410
849 134
780 787
992 327
404 620
943 510
45 866
340 653
969 268
357 352
546 813
766 918
542 239
865 599
884 771
67 847
16 614
885 972
343 150
547 735
128 412
63 905
607 516
424 207
567 705
345 105
781 75
154 621
97 90
467 653
587 947
181 746
784 759
14 238
476 623
570 101
160 770
379 828
195 399
239 483
317 619
839 364
327 453
2 897
895 923
489 330
460 767
130 422
735 218
467 824
17 586
626 796
877 245
801 419
805 8
554 287
626 597
602 5
254 343
543 107
228 935
163 126
494 442
910 836
899 162
531 134
402 980
455 709
984 199
489 432
604 1
666 439
893 358
443 364
870 804
895 180
826 558
360 942
112 648
243 143
80 582
835 638
764 620
228 705
282 715
70 219
841 415
708 555
467 758
