777 999 1000
100 100
101 100
738 316
166 448
314 609
207 150
305 823
131 591
737 887
731 173
342 239
395 209
380 680
152 629
722 73
24 716
241 900
152 709
460 821
10 670
574 955
533 442
624 959
671 933
157 612
97 921
237 973
31 689
27 836
281 160
228 781
1 945
146 639
485 262
478 141
757 59
5 855
388 158
133 693
730 310
117 679
759 79
434 878
301 417
370 929
379 298
263 263
757 22
250 466
81 994
716 848
163 674
196 739
315 234
727 854
360 195
524 17
417 595
96 581
489 724
39 998
153 497
586 265
249 73
418 666
622 76
604 719
18 444
577 849
44 622
15 571
687 437
551 363
625 549
409 515
491 175
77 521
172 617
13 893
270 151
459 825
215 32
499 888
103 844
643 24
68 126
454 480
200 747
274 736
98 660
295 993
362 239
4 288
618 93
337 262
746 498
386 293
125 577
45 932
637 806
215 542
431 146
173 642
696 554
206 301
719 261
173 205
311 398
391 165
714 38
447 303
399 145
214 88
602 381
683 598
80 714
423 820
215 842
606 781
764 880
470 928
410 592
771 490
268 885
17 495
467 630
501 178
324 62
113 242
193 507
683 526
284 205
171 335
600 475
281 397
440 516
125 812
244 880
742 82
609 778
463 748
639 88
391 806
170 885
295 44
430 861
274 385
469 784
401 643
82 213
117 869
759 40
460 914
366 920
706 243
497 202
2 997
196 110
78 169
338 409
697 253
132 176
36 416
699 920
172 702
96 773
237 883
11 348
196 257
75 996
684 552
758 975
215 356
337 404
70 51
18 551
1 893
678 267
291 535
464 292
307 963
694 265
698 866
714 958
261 881
146 16
73 783
309 864
209 675
430 135
467 973
693 679
153 729
324 971
432 849
532 222
687 404
235 869
653 393
264 449
322 960
239 282
220 655
200 187
353 5
560 617
608 622
234 52
400 899
718 742
639 56
243 989
359 560
616 799
737 227
315 373
548 673
531 897
119 782
227 243
702 514
632 946
312 929
246 142
91 218
552 339
334 651
195 837
694 732
537 760
135 242
746 222
589 556
653 794
764 839
659 396
250 772
517 815
107 747
327 956
87 201
710 251
321 141
110 37
637 435
42 399
753 187
490 477
467 845
740 932
193 302
275 12
581 396
758 380
746 833
214 515
95 113
297 569
413 442
225 430
169 731
587 885
149 842
473 361
760 390
602 986
342 539
139 255
523 140
559 671
173 43
589 626
240 650
374 73
370 893
598 902
695 749
691 400
315 305
279 670
74 716
706 365
686 2
585 587
605 360
573 547
365 377
285 296
266 448
390 771
263 214
597 409
403 493
175 851
648 544
227 829
331 925
15 863
427 263
439 949
69 759
693 742
318 182
751 125
503 324
771 692
24 973
214 719
367 179
194 36
739 809
312 77
348 673
723 561
172 585
397 295
177 819
459 927
650 572
394 892
325 930
414 522
585 790
10 634
251 658
133 752
676 831
198 930
186 537
771 210
242 701
206 54
611 936
200 969
394 787
492 647
566 580
603 599
733 310
350 800
608 462
646 625
41 175
454 623
384 553
322 737
372 620
703 232
627 44
481 413
256 608
760 689
259 596
132 454
180 228
144 138
81 434
306 301
481 399
660 324
12 314
644 967
306 316
43 47
397 770
105 0
267 740
592 680
111 36
149 54
61 947
636 761
248 617
680 450
11 712
704 561
184 231
140 198
300 68
3 416
701 704
621 402
735 986
20 707
149 378
628 213
400 691
195 409
61 125
438 41
474 341
392 751
435 383
379 739
61 225
240 652
469 481
713 281
441 4
43 81
3 775
454 217
121 201
125 579
233 694
224 907
560 400
441 168
300 462
232 521
532 383
217 807
657 25
368 864
374 274
47 161
721 738
489 818
642 167
221 722
455 757
589 1
610 149
633 3
554 142
500 169
766 984
576 733
584 82
440 173
654 241
264 313
363 535
204 193
265 800
305 466
65 894
701 638
496 137
529 416
318 780
581 439
509 460
665 223
388 273
283 94
317 912
432 757
139 339
469 948
444 179
571 812
653 221
567 835
627 724
582 293
690 189
122 965
134 227
194 738
720 609
157 515
431 776
267 225
169 683
688 994
464 857
372 510
334 884
52 903
327 453
203 766
52 137
609 108
633 723
147 931
611 883
392 287
272 705
556 628
368 483
264 812
138 653
648 743
293 747
69 149
282 244
646 433
174 405
521 70
256 452
346 532
86 329
502 187
218 235
42 670
679 241
54 942
251 707
391 703
204 812
757 703
514 746
461 235
224 490
79 355
285 452
199 828
691 446
694 293
21 217
107 37
496 926
43 131
432 525
141 586
348 532
679 215
44 340
692 59
28 935
424 809
157 807
744 546
444 116
573 506
546 226
267 144
392 242
621 257
158 971
733 61
760 834
658 130
73 43
416 712
250 316
102 584
421 109
400 853
76 251
265 202
567 850
61 52
578 341
523 795
546 972
628 745
282 900
661 184
157 396
398 61
150 336
475 336
401 92
628 867
157 870
323 543
312 107
144 17
302 993
211 842
72 443
129 694
45 68
428 317
765 294
351 813
191 193
546 186
97 172
363 651
126 21
256 588
392 663
593 84
687 111
397 337
444 651
376 899
21 817
662 580
24 826
660 87
249 529
272 74
188 567
574 901
230 601
114 968
395 677
46 682
604 325
552 717
333 593
355 20
708 348
745 838
326 231
357 938
341 181
454 943
773 889
173 257
285 729
33 631
547 80
402 107
654 588
310 503
271 923
711 163
475 351
99 56
608 630
36 482
773 862
222 884
512 397
465 32
201 50
61 931
423 193
631 332
66 117
706 754
86 401
702 729
759 247
252 599
681 48
544 376
289 989
18 800
602 206
226 897
686 727
514 167
68 508
424 281
338 998
256 141
426 233
485 450
443 365
479 146
450 521
509 462
662 733
528 656
211 549
161 572
19 172
203 43
252 881
433 83
361 366
533 492
380 348
694 792
37 589
461 261
1 670
298 29
533 744
533 316
141 115
578 913
373 711
446 805
189 134
176 484
296 807
563 306
423 214
411 468
74 869
706 670
383 945
495 929
460 960
350 962
602 823
91 955
572 643
655 952
29 126
273 638
760 150
98 387
553 662
10 533
486 419
385 457
743 135
536 229
371 130
252 786
383 639
223 852
287 471
45 563
392 91
681 913
617 684
593 876
242 325
63 18
640 630
665 824
250 526
3 744
250 770
552 678
124 568
709 543
522 528
457 96
336 510
70 183
646 866
578 530
306 187
655 851
732 680
442 636
743 775
762 733
520 708
388 916
422 799
600 158
579 543
221 48
181 61
648 301
100 685
59 34
644 825
675 292
712 874
384 971
202 930
597 473
697 809
110 532
393 600
735 798
654 879
216 222
587 173
220 645
747 191
505 319
582 676
774 718
43 99
130 848
318 909
642 109
512 748
48 899
382 347
562 648
616 514
217 486
249 83
625 375
274 879
745 364
560 756
673 406
547 870
300 432
461 675
166 328
203 905
723 81
694 707
520 337
661 902
224 964
445 671
68 572
743 465
424 480
491 960
204 867
270 732
147 234
336 143
605 242
773 602
603 660
291 923
671 143
21 359
519 347
425 369
608 201
267 977
258 800
416 247
740 136
388 537
568 501
674 875
464 7
560 543
81 660
728 469
31 350
243 106
0 844
611 368
95 502
159 721
717 282
649 907
735 173
55 575
699 812
578 396
340 641
350 507
231 606
763 681
752 434
601 577
446 403
455 669
37 396
636 121
9 573
127 774
231 285
580 460
508 938
252 465
431 173
38 104
437 879
88 96
261 511
754 657
411 923
161 47
7 317
349 38
269 552
266 925
648 775
57 5
112 182
161 749
365 686
196 345
339 339
299 253
242 450
349 7
322 111
671 978
90 975
224 289
321 823
136 505
574 611
341 928
542 50
121 692
265 316
594 418
510 406
381 18
145 394
287 553
423 753
257 734
230 997
662 292
490 79
194 794
101 110
243 64
322 378
500 438
228 389
366 279
246 905
762 417
149 143
743 787
8 412
194 216
363 674
499 360
346 922
57 981
709 147
10 337
353 863
285 663
350 233
139 450
311 332
393 402
341 443
17 82
548 681
73 768
124 869
307 624
635 154
126 399
183 140
377 480
38 431
392 157
284 187
291 442
113 586
608 963
213 523
455 344
717 71
376 644
291 639
71 498
137 704
245 94
42 231
518 667
160 396
492 480
210 471
200 193
232 432
168 805
40 811
95 750
549 593
393 178
281 708
300 732
346 715
682 249
311 95
538 378
541 562
85 867
210 349
179 294
707 227
75 154
187 953
11 611
706 320
351 339
718 962
606 306
206 296
600 246
81 961
421 984
12 90
623 198
738 380
645 187
116 853
691 682
350 560
133 9
120 400
470 938
337 924
712 570
656 998
593 849
71 576
580 44
725 572
393 882
43 150
696 115
229 268
573 572
770 388
508 995
741 245
19 432
549 860
716 853
326 27
69 783
403 866
217 715
62 1
763 409
177 194
307 641
87 473
