1000 1000 1000
0 0
999 999
477 724
213 813
509 64
555 462
59 437
323 971
410 997
706 676
971 435
639 357
310 371
836 616
183 51
748 917
895 318
176 818
165 879
317 937
174 200
413 141
336 648
453 664
292 724
64 564
362 265
861 947
995 869
795 42
953 881
448 126
641 172
13 319
85 803
733 557
579 47
190 379
253 947
234 408
573 168
840 31
263 911
703 53
344 386
179 642
277 378
267 621
139 339
181 918
103 158
607 401
331 525
377 997
866 356
680 661
272 716
162 720
683 188
723 983
636 742
369 721
597 155
120 665
286 861
448 48
646 626
54 696
688 633
931 34
384 195
651 265
371 782
986 165
474 149
705 22
541 654
193 127
432 715
506 969
636 53
643 349
96 265
2 189
705 737
225 294
74 901
94 903
415 456
70 574
586 554
992 612
865 211
739 475
802 485
131 888
524 444
996 246
920 864
899 971
541 84
762 910
715 741
185 818
543 258
835 269
646 565
997 698
456 286
553 17
774 893
663 319
368 156
828 468
421 428
140 316
934 865
678 287
459 785
927 831
245 313
588 182
20 676
761 219
147 147
688 54
646 282
738 290
742 697
814 332
475 629
962 584
309 50
772 259
40 134
500 466
453 882
764 106
792 498
369 758
788 862
461 317
306 609
560 58
882 754
815 716
444 155
580 639
863 654
638 655
47 961
151 173
198 993
966 284
642 705
274 290
396 186
805 723
532 719
665 138
23 651
627 428
912 942
982 397
915 376
446 329
310 488
146 745
303 23
674 286
842 340
332 501
50 400
208 467
767 304
410 506
472 389
430 516
864 610
613 543
490 324
637 838
799 965
128 802
570 145
717 375
745 971
170 365
974 878
21 653
91 860
451 423
37 926
544 248
902 454
125 125
426 321
751 94
737 760
199 111
155 631
612 807
679 555
402 522
67 157
872 295
568 117
802 179
336 72
526 517
65 18
963 94
510 366
401 114
492 701
446 9
432 952
362 94
291 263
872 542
89 194
286 585
77 914
887 290
946 750
509 586
889 675
53 296
530 196
532 265
348 75
447 528
28 596
357 36
489 497
60 93
984 877
44 748
355 24
936 406
591 756
771 282
568 561
213 413
813 863
686 900
104 139
124 356
784 854
276 925
183 144
455 417
177 188
173 435
382 997
55 184
565 125
826 352
651 649
700 202
65 526
74 502
814 135
205 898
531 660
955 215
697 817
553 249
168 916
751 650
818 802
62 199
879 170
119 814
601 710
181 979
503 827
95 240
199 660
588 393
880 770
321 164
700 616
140 502
192 857
886 535
307 686
379 349
366 798
852 777
392 527
892 854
177 947
122 648
226 688
320 888
689 183
204 376
482 733
736 951
826 791
494 362
169 935
590 203
543 420
401 976
21 291
461 154
169 201
42 1
459 682
865 353
637 408
627 373
157 649
273 268
563 580
54 928
558 44
317 66
421 282
823 560
394 798
490 104
573 922
355 410
304 582
651 908
728 768
854 168
706 527
90 407
168 223
815 315
554 89
550 600
415 620
230 483
531 768
593 79
834 645
301 229
709 218
484 633
49 660
613 782
159 810
527 278
511 49
342 649
728 549
99 400
608 430
175 240
135 779
295 31
392 271
51 965
347 882
788 291
690 505
327 339
633 758
964 83
820 486
404 665
802 102
716 722
671 946
352 570
380 371
72 210
382 931
814 474
413 778
971 468
655 699
275 484
853 932
703 877
251 307
457 14
605 396
846 124
404 929
255 499
305 697
164 39
10 349
381 149
790 6
737 340
811 503
259 291
944 912
739 50
579 59
483 933
315 969
223 779
803 163
594 866
845 33
580 51
767 76
385 842
601 82
297 597
303 832
244 114
939 40
783 812
145 837
315 130
918 393
813 698
929 871
158 127
781 356
128 375
916 33
806 477
713 897
120 986
356 626
773 637
413 931
95 695
189 335
423 9
348 15
658 762
639 206
136 574
578 540
670 670
115 531
711 387
251 379
470 463
698 331
145 556
919 164
178 252
314 849
205 199
843 358
684 147
596 538
841 166
63 131
673 368
847 878
431 191
236 811
112 412
250 36
115 121
80 722
872 101
740 948
966 639
173 116
977 794
232 933
316 651
796 824
874 136
891 935
951 165
947 920
187 214
10 843
659 505
190 391
434 858
436 914
951 98
65 110
923 332
575 828
444 537
899 291
99 110
959 647
198 146
805 499
315 48
172 850
153 859
991 482
989 574
24 880
352 35
967 543
891 892
978 636
87 750
168 856
937 378
58 304
422 482
731 695
871 465
834 764
161 715
767 914
24 495
669 332
881 161
81 722
41 373
833 476
770 552
425 353
410 111
292 75
290 483
31 801
184 861
462 945
671 320
38 878
709 916
151 692
999 242
723 374
453 81
802 677
973 789
224 380
333 693
45 331
776 514
554 704
972 896
774 579
331 582
299 326
935 31
12 211
870 91
405 398
379 769
551 844
869 275
54 724
407 153
89 47
653 257
304 859
471 200
460 287
788 235
974 338
721 92
174 947
710 199
209 105
664 881
110 412
643 71
49 995
23 56
859 278
651 787
1 913
910 876
202 33
625 390
7 113
47 370
778 980
268 880
110 913
63 914
480 706
598 785
949 815
347 816
422 723
397 723
796 654
103 956
469 478
356 313
283 167
219 805
889 812
436 541
995 452
115 187
783 727
309 515
783 418
888 12
310 926
463 816
269 975
314 374
223 697
310 774
265 6
855 113
200 187
143 463
304 136
932 644
443 314
854 893
591 561
664 79
348 610
523 512
246 289
572 126
976 252
102 383
931 391
232 569
93 737
22 578
48 372
397 787
732 658
878 198
748 769
214 901
909 523
87 495
153 606
7 996
10 34
692 478
604 761
126 326
196 877
229 853
306 48
155 357
767 84
328 50
636 925
504 848
221 30
608 742
637 72
0 117
12 841
7 424
807 619
355 876
247 380
856 62
496 434
249 941
57 519
741 202
580 168
255 451
622 263
958 805
603 808
521 662
572 269
548 210
935 413
751 878
163 671
174 998
275 461
786 167
267 453
898 841
828 506
260 992
346 957
445 96
894 395
723 438
749 962
597 284
73 115
141 993
917 167
569 423
981 992
11 905
194 580
354 354
80 11
929 12
804 9
883 298
701 838
724 675
737 655
834 701
651 50
936 451
965 639
102 938
310 318
840 326
806 429
359 50
770 989
406 501
945 395
626 393
286 933
953 723
993 976
420 392
122 441
905 972
785 752
311 362
411 174
796 315
318 828
666 994
258 416
615 191
455 888
603 784
244 654
764 727
352 879
123 20
449 728
724 164
281 104
352 755
594 890
823 466
770 421
494 324
84 311
211 693
44 637
87 157
505 432
184 394
104 374
552 927
142 779
77 707
35 805
512 913
216 55
465 911
215 675
11 764
972 281
641 938
421 878
718 180
120 598
717 99
35 379
335 648
352 785
735 693
81 442
387 392
641 553
564 215
935 289
133 906
908 6
655 805
438 16
743 741
82 893
157 736
94 577
559 823
645 966
144 771
502 830
497 464
916 917
596 105
879 342
150 188
716 503
101 446
564 115
4 456
610 769
655 466
257 37
470 847
678 60
232 883
88 825
365 243
792 644
245 880
258 305
43 235
763 928
992 40
684 901
209 949
85 701
675 984
108 576
317 808
134 799
367 433
812 955
861 289
125 606
350 529
228 132
658 990
297 517
956 698
615 926
908 590
990 786
282 439
329 794
933 132
632 99
297 951
401 992
845 884
678 853
83 430
323 313
306 213
924 112
734 223
150 573
799 743
888 685
322 823
512 760
129 768
303 292
717 300
113 523
996 180
863 401
222 609
645 374
611 739
513 8
730 871
439 226
857 219
507 816
91 271
208 680
906 347
364 193
923 257
526 889
799 422
647 991
705 679
875 47
85 171
261 380
16 538
691 405
554 592
501 560
888 408
821 185
332 69
668 258
969 151
717 651
782 964
459 829
317 854
596 206
907 931
844 865
645 132
393 133
920 17
43 21
237 173
818 932
444 19
487 966
598 581
418 431
88 813
924 659
874 366
823 981
281 3
929 119
439 751
195 266
384 103
42 213
530 174
299 358
623 641
445 140
323 380
709 90
233 427
709 195
569 99
526 676
398 297
449 302
122 51
266 172
17 137
728 928
32 334
530 447
354 657
389 515
86 943
808 492
467 704
355 110
706 940
58 534
61 162
166 734
466 35
225 620
28 803
95 362
975 129
890 133
92 773
43 625
993 649
18 789
776 261
93 676
312 50
704 204
194 219
944 416
405 237
118 333
423 520
638 467
951 606
607 342
707 277
31 900
649 668
949 565
710 994
816 703
182 701
448 530
615 796
496 848
996 592
660 280
565 81
122 147
560 882
491 891
445 748
241 855
538 503
50 73
688 316
580 648
54 504
196 65
593 164
943 57
923 96
935 451
527 662
607 93
337 605
536 612
323 189
987 10
829 14
522 13
561 259
661 563
42 808
419 625
144 220
384 648
658 92
511 449
239 504
38 929
5 264
180 437
792 476
